2018-07-20 16:17:43.440297	69.8	67.0	69.8	65.0	69.8	67.0	69.8	65.0	68.0	88.0	0	0	0	0	1	0
2018-07-20 16:17:52.082230	69.8	67.0	69.8	65.0	69.8	67.0	69.8	65.0	68.0	88.0	0	0	0	1	1	0
2018-07-20 16:18:00.723963	69.8	67.0	69.8	65.0	69.8	67.0	69.8	65.0	68.0	88.0	1	0	0	1	1	0
2018-07-20 16:18:11.893293	69.8	67.0	69.8	65.0	69.8	67.0	69.8	65.0	68.0	88.0	1	1	0	1	1	0
2018-07-20 16:18:23.061660	69.8	67.0	69.8	65.0	69.8	67.0	69.8	65.0	68.0	88.0	1	1	0	1	1	0
2018-07-20 16:18:36.763234	69.8	67.0	69.8	65.0	69.8	69.0	69.8	65.0	68.0	88.0	1	1	0	1	1	0
2018-07-20 16:18:44.395851	69.8	73.0	69.8	65.0	69.8	67.0	69.8	65.0	68.0	87.0	1	1	0	1	1	0
2018-07-20 16:18:58.092811	69.8	67.0	69.8	65.0	69.8	67.0	69.8	64.0	68.0	87.0	1	1	0	1	1	0
2018-07-20 16:19:06.734423	69.8	67.0	69.8	65.0	69.8	67.0	69.8	65.0	68.0	87.0	1	1	1	1	1	0
2018-07-20 16:19:15.376198	69.8	67.0	69.8	65.0	69.8	67.0	69.8	64.0	68.0	86.0	1	1	1	1	1	0
2018-07-20 16:19:23.008779	69.8	67.0	69.8	65.0	69.8	67.0	69.8	64.0	68.0	86.0	1	1	1	1	1	0
2018-07-20 16:19:31.650210	69.8	67.0	69.8	65.0	69.8	67.0	-1	-1	68.0	86.0	1	1	0	1	1	0
2018-07-20 16:19:39.282944	69.8	67.0	69.8	65.0	69.8	67.0	69.8	64.0	68.0	87.0	1	1	0	1	1	1
2018-07-20 16:19:46.915720	69.8	67.0	69.8	65.0	69.8	67.0	69.8	64.0	68.0	86.0	1	1	0	1	1	1
2018-07-20 16:19:55.557239	69.8	67.0	69.8	65.0	69.8	67.0	69.8	64.0	68.0	85.0	1	1	0	1	1	1
2018-07-20 16:20:04.198869	69.8	67.0	69.8	65.0	69.8	67.0	69.8	64.0	68.0	86.0	1	1	0	1	1	1
2018-07-20 16:20:15.368118	69.8	67.0	69.8	65.0	69.8	67.0	69.8	64.0	68.0	86.0	0	1	0	1	1	1
2018-07-20 16:20:23.000999	69.8	66.0	69.8	65.0	69.8	69.0	69.8	64.0	68.0	86.0	0	1	0	1	0	1
2018-07-20 16:20:31.642599	69.8	67.0	69.8	65.0	69.8	67.0	69.8	64.0	68.0	86.0	0	1	0	1	0	1
2018-07-20 16:20:40.284226	69.8	67.0	69.8	65.0	69.8	67.0	69.8	64.0	68.0	86.0	0	0	0	1	0	1
2018-07-20 16:20:48.926306	69.8	67.0	69.8	65.0	69.8	67.0	69.8	64.0	68.0	85.0	0	0	0	1	0	1
2018-07-20 16:20:57.568538	69.8	67.0	69.8	65.0	69.8	67.0	69.8	64.0	68.0	85.0	0	0	0	1	0	1
2018-07-20 16:21:08.738677	69.8	67.0	69.8	65.0	69.8	67.0	69.8	64.0	68.0	85.0	0	0	0	1	0	1
2018-07-20 16:21:19.908054	69.8	68.0	69.8	65.0	69.8	69.0	69.8	64.0	68.0	84.0	0	0	0	0	0	1
2018-07-20 16:21:30.073755	69.8	68.0	69.8	65.0	69.8	67.0	69.8	64.0	68.0	84.0	0	0	0	0	0	1
2018-07-20 16:21:41.247772	69.8	68.0	69.8	65.0	69.8	67.0	69.8	65.0	68.0	83.0	1	0	0	0	0	1
2018-07-20 16:21:49.889691	69.8	68.0	69.8	64.0	69.8	69.0	69.8	64.0	68.0	83.0	1	0	0	0	0	1
2018-07-20 16:22:01.058891	69.8	68.0	69.8	64.0	69.8	67.0	69.8	64.0	68.0	83.0	1	0	1	0	0	1
2018-07-20 16:22:12.228459	69.8	74.0	69.8	65.0	69.8	67.0	69.8	64.0	68.0	83.0	1	0	1	0	0	1
2018-07-20 16:22:20.870567	69.8	68.0	69.8	65.0	69.8	69.0	69.8	64.0	68.0	83.0	1	0	1	1	0	1
2018-07-20 16:22:29.512473	69.8	68.0	69.8	65.0	69.8	67.0	69.8	64.0	68.0	83.0	1	0	1	1	0	1
2018-07-20 16:22:37.145691	69.8	68.0	69.8	65.0	69.8	67.0	69.8	64.0	68.0	83.0	1	0	1	1	0	1
2018-07-20 16:22:47.309310	69.8	68.0	-1	-1	69.8	67.0	69.8	64.0	68.0	82.0	1	0	1	1	0	0
2018-07-20 16:22:54.942156	69.8	69.0	68.0	65.0	69.8	67.0	69.8	64.0	68.0	83.0	1	0	1	1	0	0
2018-07-20 16:23:06.111641	69.8	68.0	68.0	65.0	69.8	67.0	69.8	64.0	68.0	83.0	1	0	1	1	0	0
2018-07-20 16:23:21.327697	69.8	68.0	68.0	65.0	69.8	69.0	69.8	64.0	-1	-1	1	0	1	1	1	0
2018-07-20 16:23:29.969558	69.8	68.0	68.0	65.0	69.8	69.0	69.8	64.0	68.0	82.0	1	0	1	1	1	0
2018-07-20 16:23:38.611037	69.8	68.0	68.0	65.0	69.8	67.0	69.8	64.0	68.0	82.0	1	0	1	0	1	0
2018-07-20 16:23:52.308020	69.8	74.0	68.0	65.0	69.8	67.0	69.8	64.0	68.0	81.0	1	0	0	0	1	0
2018-07-20 16:24:00.949941	69.8	74.0	68.0	65.0	69.8	67.0	69.8	64.0	68.0	80.0	1	1	0	0	1	0
2018-07-20 16:24:09.593100	69.8	68.0	68.0	65.0	69.8	67.0	69.8	64.0	68.0	81.0	1	1	0	0	1	0
2018-07-20 16:24:18.236661	69.8	68.0	68.0	65.0	69.8	67.0	69.8	64.0	68.0	80.0	1	0	0	0	1	0
2018-07-20 16:24:26.879782	69.8	68.0	68.0	65.0	69.8	67.0	69.8	64.0	68.0	80.0	1	0	0	0	1	0
2018-07-20 16:24:35.523231	69.8	68.0	68.0	65.0	69.8	67.0	69.8	64.0	68.0	80.0	1	0	0	1	1	0
2018-07-20 16:24:43.156572	69.8	68.0	68.0	65.0	69.8	67.0	69.8	64.0	68.0	80.0	1	0	0	1	1	0
2018-07-20 16:24:51.798951	69.8	68.0	68.0	65.0	69.8	67.0	69.8	64.0	68.0	79.0	1	0	1	1	1	0
2018-07-20 16:25:00.442295	69.8	68.0	68.0	65.0	69.8	67.0	69.8	64.0	68.0	79.0	1	0	1	1	1	0
2018-07-20 16:25:09.086006	69.8	68.0	68.0	65.0	69.8	67.0	69.8	64.0	68.0	79.0	0	0	1	1	1	0
2018-07-20 16:25:17.729297	69.8	68.0	68.0	65.0	69.8	67.0	69.8	64.0	68.0	79.0	1	0	1	1	1	0
2018-07-20 16:25:26.370853	69.8	68.0	68.0	65.0	69.8	67.0	69.8	64.0	68.0	79.0	1	0	1	1	1	0
2018-07-20 16:25:35.013911	69.8	68.0	68.0	65.0	69.8	67.0	69.8	64.0	68.0	78.0	1	0	1	1	1	0
2018-07-20 16:25:42.646575	69.8	68.0	68.0	65.0	69.8	67.0	69.8	64.0	68.0	78.0	1	0	1	1	1	1
2018-07-20 16:25:56.344271	69.8	68.0	68.0	65.0	69.8	67.0	69.8	64.0	68.0	78.0	1	0	0	1	1	1
2018-07-20 16:26:06.504442	69.8	68.0	68.0	65.0	69.8	67.0	69.8	64.0	68.0	78.0	1	0	0	1	1	1
2018-07-20 16:26:14.138103	69.8	68.0	69.8	66.0	69.8	67.0	69.8	64.0	68.0	77.0	1	0	0	1	1	1
2018-07-20 16:26:21.771274	69.8	68.0	69.8	66.0	69.8	67.0	69.8	64.0	68.0	77.0	1	0	0	1	1	1
2018-07-20 16:26:30.414541	69.8	69.0	68.0	65.0	69.8	67.0	69.8	64.0	68.0	77.0	1	0	0	1	1	1
2018-07-20 16:26:38.044210	69.8	68.0	68.0	65.0	69.8	67.0	69.8	64.0	68.0	77.0	1	0	0	1	1	1
2018-07-20 16:26:46.687447	69.8	68.0	68.0	65.0	69.8	67.0	69.8	64.0	68.0	77.0	1	0	0	1	1	1
2018-07-20 16:26:57.857906	69.8	68.0	68.0	65.0	69.8	67.0	69.8	64.0	68.0	76.0	1	0	0	1	1	1
2018-07-20 16:27:09.027015	69.8	68.0	68.0	65.0	69.8	67.0	69.8	64.0	68.0	76.0	1	0	0	1	1	1
2018-07-20 16:27:16.659856	69.8	68.0	68.0	65.0	69.8	67.0	69.8	64.0	68.0	75.0	1	0	0	1	1	1
2018-07-20 16:27:27.829256	69.8	69.0	68.0	65.0	69.8	67.0	69.8	64.0	68.0	75.0	1	0	0	1	1	1
2018-07-20 16:27:38.998805	69.8	68.0	68.0	65.0	69.8	67.0	69.8	64.0	68.0	74.0	1	1	0	1	1	1
2018-07-20 16:27:47.640521	69.8	75.0	68.0	65.0	69.8	67.0	69.8	64.0	68.0	73.0	1	1	0	1	1	1
2018-07-20 16:27:56.282113	69.8	68.0	68.0	65.0	69.8	67.0	69.8	63.0	68.0	73.0	1	1	0	1	1	1
2018-07-20 16:28:09.980314	69.8	69.0	68.0	65.0	69.8	67.0	69.8	64.0	68.0	72.0	1	1	0	1	1	1
2018-07-20 16:28:18.622832	69.8	75.0	68.0	65.0	69.8	67.0	69.8	64.0	68.0	73.0	0	1	0	1	1	1
2018-07-20 16:28:28.783332	69.8	69.0	68.0	65.0	69.8	67.0	69.8	64.0	68.0	73.0	0	1	0	1	1	1
2018-07-20 16:28:37.425233	69.8	69.0	68.0	65.0	69.8	67.0	69.8	64.0	68.0	73.0	0	1	1	1	1	1
2018-07-20 16:28:46.066136	69.8	69.0	68.0	65.0	69.8	67.0	69.8	64.0	68.0	73.0	0	1	1	1	1	1
2018-07-20 16:28:54.706948	69.8	69.0	68.0	65.0	69.8	67.0	69.8	64.0	68.0	73.0	0	1	1	1	1	1
2018-07-20 16:29:05.875429	69.8	69.0	68.0	65.0	69.8	67.0	69.8	64.0	68.0	73.0	0	1	1	1	1	1
2018-07-20 16:29:16.035746	69.8	69.0	68.0	65.0	69.8	67.0	69.8	64.0	68.0	73.0	0	1	1	1	1	1
2018-07-20 16:29:27.202200	69.8	69.0	68.0	66.0	69.8	67.0	69.8	64.0	68.0	71.0	0	1	1	1	1	1
2018-07-20 16:29:35.844134	69.8	69.0	68.0	66.0	69.8	67.0	69.8	64.0	68.0	71.0	0	1	1	1	1	1
2018-07-20 16:29:46.003946	69.8	69.0	68.0	66.0	69.8	67.0	69.8	64.0	68.0	72.0	0	1	1	1	1	1
2018-07-20 16:29:57.172271	69.8	70.0	68.0	66.0	69.8	67.0	69.8	64.0	68.0	72.0	0	1	1	0	1	1
2018-07-20 16:30:05.813168	69.8	69.0	68.0	66.0	69.8	67.0	69.8	64.0	68.0	72.0	0	1	1	0	1	1
2018-07-20 16:30:14.455032	69.8	69.0	68.0	66.0	69.8	67.0	69.8	64.0	68.0	72.0	0	1	1	0	1	1
2018-07-20 16:30:23.096465	69.8	69.0	68.0	66.0	69.8	67.0	69.8	64.0	68.0	72.0	0	0	1	0	1	1
2018-07-20 16:30:31.737128	69.8	69.0	68.0	66.0	69.8	67.0	69.8	64.0	68.0	71.0	1	0	1	0	1	1
2018-07-20 16:30:40.379247	69.8	69.0	68.0	67.0	69.8	67.0	69.8	64.0	68.0	70.0	1	0	1	0	1	1
2018-07-20 16:30:51.549006	69.8	69.0	68.0	67.0	69.8	67.0	69.8	64.0	68.0	69.0	1	1	1	0	1	1
2018-07-20 16:31:00.189716	69.8	76.0	68.0	67.0	69.8	67.0	69.8	64.0	69.8	70.0	1	1	1	0	1	1
2018-07-20 16:31:11.357908	69.8	70.0	68.0	67.0	69.8	67.0	69.8	64.0	69.8	70.0	1	1	1	0	1	1
2018-07-20 16:31:19.999634	69.8	69.0	68.0	67.0	69.8	69.0	69.8	64.0	69.8	70.0	1	1	1	1	1	1
2018-07-20 16:31:28.641704	69.8	69.0	68.0	67.0	69.8	67.0	69.8	64.0	69.8	70.0	0	1	1	1	1	1
2018-07-20 16:31:39.812995	69.8	70.0	68.0	67.0	69.8	67.0	69.8	64.0	69.8	70.0	0	1	1	1	1	1
2018-07-20 16:31:49.973188	69.8	70.0	68.0	67.0	69.8	67.0	69.8	64.0	69.8	70.0	0	1	1	1	1	1
2018-07-20 16:32:01.142607	69.8	69.0	68.0	67.0	69.8	67.0	69.8	64.0	69.8	69.0	0	1	1	0	1	1
2018-07-20 16:32:09.784289	69.8	69.0	68.0	67.0	69.8	67.0	69.8	64.0	69.8	69.0	1	1	1	0	1	1
2018-07-20 16:32:17.416942	69.8	69.0	68.0	67.0	69.8	67.0	69.8	64.0	69.8	69.0	1	1	1	0	1	0
2018-07-20 16:32:26.057886	69.8	70.0	68.0	67.0	69.8	67.0	69.8	64.0	69.8	69.0	1	1	1	0	1	0
2018-07-20 16:32:34.698834	69.8	69.0	68.0	67.0	69.8	67.0	69.8	64.0	69.8	69.0	1	1	1	1	1	0
2018-07-20 16:32:45.867804	69.8	69.0	68.0	67.0	69.8	67.0	69.8	64.0	69.8	69.0	1	1	1	1	1	0
2018-07-20 16:32:54.509434	69.8	69.0	68.0	67.0	69.8	69.0	69.8	64.0	69.8	69.0	1	1	1	0	1	0
2018-07-20 16:33:12.258019	69.8	69.0	68.0	67.0	69.8	67.0	69.8	64.0	69.8	69.0	1	1	1	0	1	0
2018-07-20 16:33:23.427691	69.8	69.0	68.0	67.0	69.8	67.0	69.8	64.0	69.8	68.0	0	1	1	0	1	0
2018-07-20 16:33:32.069799	69.8	69.0	68.0	67.0	69.8	67.0	69.8	64.0	69.8	69.0	0	1	1	0	1	0
2018-07-20 16:33:40.710786	69.8	69.0	68.0	67.0	69.8	67.0	69.8	64.0	69.8	68.0	0	1	1	0	1	0
2018-07-20 16:33:48.343174	69.8	69.0	68.0	67.0	69.8	67.0	69.8	64.0	69.8	68.0	0	1	1	0	1	0
2018-07-20 16:33:56.985077	69.8	70.0	68.0	67.0	69.8	67.0	69.8	64.0	69.8	69.0	0	1	1	0	1	0
2018-07-20 16:34:08.154116	69.8	69.0	68.0	66.0	69.8	67.0	69.8	64.0	69.8	68.0	1	1	1	0	1	0
2018-07-20 16:34:19.322802	69.8	69.0	68.0	66.0	69.8	67.0	69.8	64.0	69.8	68.0	1	0	1	0	1	0
2018-07-20 16:34:27.965340	69.8	69.0	68.0	67.0	69.8	67.0	69.8	64.0	69.8	68.0	1	1	1	0	1	0
2018-07-20 16:34:35.598065	69.8	69.0	68.0	66.0	69.8	67.0	69.8	64.0	69.8	68.0	1	1	1	0	1	0
2018-07-20 16:34:46.767818	69.8	69.0	68.0	66.0	69.8	67.0	69.8	64.0	69.8	68.0	1	1	0	0	1	0
2018-07-20 16:34:54.400389	69.8	69.0	68.0	66.0	69.8	69.0	69.8	64.0	69.8	68.0	1	1	0	0	1	1
2018-07-20 16:35:03.043175	69.8	69.0	68.0	66.0	69.8	67.0	69.8	64.0	69.8	69.0	1	0	0	0	1	1
2018-07-20 16:35:14.212986	69.8	69.0	68.0	66.0	69.8	67.0	69.8	64.0	69.8	68.0	1	0	0	0	1	1
2018-07-20 16:35:26.900973	69.8	69.0	68.0	66.0	69.8	67.0	69.8	64.0	69.8	68.0	1	0	0	0	1	1
2018-07-20 16:35:35.541862	69.8	69.0	68.0	66.0	69.8	69.0	69.8	64.0	69.8	68.0	1	0	0	0	1	1
2018-07-20 16:35:46.715960	69.8	69.0	68.0	66.0	69.8	67.0	69.8	64.0	69.8	68.0	1	0	0	0	1	1
2018-07-20 16:35:55.357208	69.8	69.0	68.0	66.0	69.8	69.0	69.8	64.0	69.8	68.0	1	1	0	0	1	1
2018-07-20 16:36:03.999562	69.8	69.0	68.0	66.0	69.8	67.0	69.8	64.0	69.8	68.0	1	1	0	0	1	1
2018-07-20 16:36:12.641609	69.8	69.0	68.0	66.0	69.8	67.0	69.8	64.0	69.8	68.0	0	1	0	0	1	1
2018-07-20 16:36:26.347579	69.8	69.0	68.0	66.0	69.8	67.0	69.8	64.0	69.8	68.0	0	1	0	0	1	1
2018-07-20 16:36:37.517229	69.8	69.0	68.0	66.0	69.8	67.0	69.8	64.0	69.8	68.0	1	1	0	0	1	1
2018-07-20 16:36:46.158417	69.8	69.0	68.0	66.0	69.8	69.0	69.8	64.0	69.8	68.0	1	1	0	0	1	1
2018-07-20 16:36:57.327238	69.8	69.0	68.0	66.0	69.8	67.0	69.8	64.0	69.8	68.0	1	0	0	0	1	1
2018-07-20 16:37:05.968676	69.8	69.0	68.0	66.0	69.8	67.0	69.8	64.0	69.8	69.0	1	1	0	0	1	1
2018-07-20 16:37:14.611231	69.8	69.0	68.0	66.0	69.8	67.0	69.8	64.0	69.8	68.0	0	1	0	0	1	1
2018-07-20 16:37:32.353910	69.8	75.0	68.0	66.0	69.8	67.0	69.8	64.0	69.8	68.0	0	1	0	0	1	1
2018-07-20 16:37:42.513749	69.8	75.0	68.0	65.0	69.8	67.0	69.8	64.0	69.8	68.0	0	1	0	0	1	1
2018-07-20 16:37:52.673545	69.8	69.0	68.0	66.0	69.8	67.0	69.8	64.0	69.8	68.0	0	1	0	0	1	1
2018-07-20 16:38:03.842374	69.8	69.0	68.0	66.0	69.8	67.0	69.8	64.0	69.8	68.0	0	1	0	0	1	1
2018-07-20 16:38:15.011280	69.8	69.0	68.0	65.0	69.8	67.0	69.8	64.0	69.8	68.0	0	1	1	0	1	1
2018-07-20 16:38:23.653819	69.8	75.0	68.0	66.0	69.8	67.0	69.8	64.0	69.8	68.0	0	1	0	0	1	1
2018-07-20 16:38:33.814165	69.8	69.0	68.0	66.0	69.8	67.0	69.8	64.0	69.8	68.0	0	1	0	0	1	1
2018-07-20 16:38:42.455744	69.8	69.0	68.0	66.0	69.8	67.0	69.8	64.0	69.8	68.0	0	1	0	0	1	1
2018-07-20 16:38:50.088105	69.8	69.0	68.0	66.0	69.8	67.0	69.8	64.0	69.8	68.0	0	1	0	0	1	0
2018-07-20 16:39:01.258141	69.8	69.0	68.0	66.0	69.8	67.0	69.8	64.0	69.8	68.0	0	1	0	0	1	0
2018-07-20 16:39:12.427347	69.8	69.0	68.0	66.0	69.8	69.0	69.8	64.0	69.8	68.0	0	1	0	0	1	0
2018-07-20 16:39:23.596652	69.8	69.0	68.0	66.0	69.8	67.0	69.8	64.0	69.8	68.0	0	1	0	0	1	0
2018-07-20 16:39:32.239186	69.8	69.0	68.0	66.0	69.8	67.0	69.8	64.0	69.8	68.0	0	1	0	0	1	0
2018-07-20 16:39:40.880581	69.8	69.0	68.0	66.0	69.8	67.0	69.8	64.0	69.8	68.0	0	1	0	1	1	0
2018-07-20 16:39:49.522466	69.8	69.0	68.0	66.0	69.8	67.0	69.8	64.0	69.8	68.0	0	1	0	1	1	0
2018-07-20 16:39:52018-07-20 16:18:00.830805	69.8	69.0	69.8	67.0	69.8	67.0	69.8	64.0	69.8	67.0	0	0	0	0	0	0
2018-07-20 16:18:08.463728	69.8	69.0	68.0	66.0	69.8	67.0	69.8	64.0	69.8	67.0	0	0	0	0	0	0
2018-07-20 16:18:22.159263	69.8	69.0	68.0	66.0	69.8	67.0	69.8	64.0	69.8	67.0	0	0	0	0	0	0
2018-07-20 16:18:33.331159	69.8	69.0	68.0	66.0	69.8	68.0	69.8	64.0	69.8	67.0	0	1	0	0	0	0
2018-07-20 16:18:46.024927	69.8	75.0	69.8	66.0	69.8	67.0	69.8	64.0	69.8	67.0	0	1	0	0	1	0
2018-07-20 16:18:54.666427	69.8	69.0	69.8	66.0	69.8	68.0	69.8	64.0	69.8	67.0	0	1	0	0	1	0
2018-07-20 16:19:08.362979	69.8	69.0	69.8	66.0	69.8	67.0	69.8	64.0	69.8	67.0	1	1	0	0	1	0
2018-07-20 16:19:17.004096	69.8	69.0	69.8	66.0	69.8	68.0	69.8	64.0	69.8	67.0	1	0	0	0	1	0
2018-07-20 16:19:25.645522	69.8	69.0	69.8	66.0	69.8	67.0	69.8	64.0	69.8	67.0	1	1	0	0	1	0
2018-07-20 16:19:58.147822	69.8	69.0	69.8	66.0	69.8	66.0	69.8	63.0	69.8	66.0	0	0	0	0	0	1
2018-07-20 16:20:09.317188	69.8	68.0	69.8	66.0	71.6	68.0	69.8	63.0	69.8	67.0	1	0	0	0	0	1
2018-07-20 16:20:20.486759	69.8	74.0	69.8	66.0	69.8	67.0	69.8	64.0	69.8	66.0	1	0	0	0	0	1
2018-07-20 16:20:34.187872	69.8	68.0	69.8	66.0	69.8	67.0	69.8	64.0	69.8	67.0	1	0	0	0	0	1
2018-07-20 16:20:41.820559	69.8	74.0	69.8	66.0	69.8	68.0	69.8	63.0	69.8	66.0	1	0	0	0	1	1
2018-07-20 16:20:50.463113	69.8	68.0	69.8	66.0	69.8	66.0	69.8	63.0	69.8	67.0	1	0	0	0	1	1
2018-07-20 16:21:06.691514	69.8	68.0	69.8	66.0	69.8	66.0	69.8	63.0	69.8	67.0	1	1	0	0	1	1
2018-07-20 16:21:14.323883	-1	-1	69.8	66.0	69.8	66.0	69.8	64.0	69.8	67.0	1	1	0	0	1	1
2018-07-20 16:21:28.025633	69.8	68.0	69.8	66.0	69.8	66.0	69.8	63.0	69.8	67.0	1	1	1	0	1	1
2018-07-20 16:21:35.658883	69.8	68.0	69.8	66.0	69.8	66.0	69.8	64.0	69.8	66.0	1	1	1	0	1	1
2018-07-20 16:21:46.828195	69.8	68.0	69.8	66.0	69.8	66.0	69.8	63.0	69.8	66.0	1	1	0	0	1	1
2018-07-20 16:21:59.516559	69.8	74.0	69.8	66.0	69.8	66.0	69.8	63.0	69.8	66.0	1	1	0	0	1	1
2018-07-20 16:22:08.158377	69.8	68.0	68.0	65.0	69.8	68.0	69.8	63.0	69.8	67.0	1	1	0	0	1	1
2018-07-20 16:22:19.327159	69.8	68.0	68.0	65.0	69.8	66.0	69.8	63.0	69.8	66.0	1	1	0	0	1	1
2018-07-20 16:22:27.968910	69.8	68.0	68.0	65.0	69.8	66.0	69.8	63.0	69.8	66.0	1	1	0	0	1	1
2018-07-20 16:22:35.602354	69.8	68.0	68.0	65.0	69.8	66.0	69.8	63.0	69.8	66.0	1	1	0	0	1	1
2018-07-20 16:22:46.772024	69.8	68.0	68.0	65.0	69.8	66.0	69.8	63.0	69.8	66.0	0	1	0	0	1	1
2018-07-20 16:22:55.411553	69.8	75.0	68.0	65.0	69.8	66.0	69.8	63.0	69.8	66.0	0	1	0	0	1	1
2018-07-20 16:23:08.099953	69.8	69.0	68.0	65.0	69.8	66.0	69.8	63.0	69.8	67.0	0	1	0	0	1	1
2018-07-20 16:23:16.741627	69.8	75.0	68.0	65.0	69.8	66.0	69.8	63.0	69.8	67.0	1	1	0	0	1	1
2018-07-20 16:23:29.430159	69.8	69.0	68.0	65.0	69.8	66.0	69.8	63.0	69.8	67.0	1	1	0	0	1	1
2018-07-20 16:23:42.118245	69.8	69.0	68.0	65.0	69.8	66.0	69.8	63.0	69.8	67.0	1	1	0	0	1	0
2018-07-20 16:23:58.342423	69.8	69.0	68.0	65.0	69.8	68.0	69.8	63.0	69.8	66.0	1	1	0	0	1	0
2018-07-20 16:24:06.984085	69.8	69.0	68.0	65.0	71.6	69.0	69.8	63.0	69.8	66.0	1	1	0	0	1	0
2018-07-20 16:24:18.153999	69.8	69.0	68.0	65.0	69.8	66.0	69.8	63.0	-1	-1	1	1	0	0	1	0
2018-07-20 16:24:29.321384	69.8	69.0	68.0	65.0	69.8	66.0	69.8	63.0	69.8	67.0	1	1	1	0	1	0
2018-07-20 16:24:37.967218	69.8	75.0	68.0	65.0	69.8	66.0	69.8	63.0	69.8	66.0	1	1	1	0	1	0
2018-07-20 16:24:51.664784	69.8	69.0	68.0	65.0	69.8	66.0	69.8	63.0	69.8	66.0	1	1	1	0	1	0
2018-07-20 16:24:59.298172	69.8	69.0	68.0	65.0	69.8	66.0	69.8	63.0	69.8	67.0	1	1	1	0	1	0
2018-07-20 16:25:10.468631	69.8	69.0	68.0	65.0	69.8	66.0	69.8	63.0	69.8	66.0	1	1	0	0	1	0
2018-07-20 16:25:19.113038	69.8	75.0	68.0	65.0	69.8	66.0	69.8	63.0	69.8	66.0	1	1	0	0	1	0
2018-07-20 16:25:26.746588	69.8	69.0	68.0	65.0	69.8	66.0	69.8	63.0	69.8	66.0	1	1	0	0	1	0
2018-07-20 16:25:45.502553	69.8	75.0	68.0	65.0	69.8	68.0	69.8	63.0	69.8	66.0	1	1	0	0	1	0
2018-07-20 16:25:54.143662	69.8	75.0	68.0	65.0	71.6	69.0	69.8	63.0	69.8	66.0	1	1	0	0	1	0
2018-07-20 16:26:10.368064	69.8	69.0	68.0	65.0	69.8	66.0	69.8	63.0	69.8	66.0	1	1	1	0	1	0
2018-07-20 16:26:21.536442	69.8	69.0	68.0	65.0	69.8	66.0	69.8	63.0	69.8	66.0	1	1	0	0	1	0
2018-07-20 16:26:35.233694	69.8	69.0	68.0	65.0	71.6	67.0	69.8	63.0	69.8	66.0	1	1	0	1	1	0
2018-07-20 16:26:43.877036	69.8	75.0	68.0	65.0	69.8	68.0	69.8	63.0	69.8	66.0	0	1	0	1	1	0
2018-07-20 16:26:57.574121	69.8	69.0	69.8	66.0	71.6	67.0	69.8	63.0	69.8	66.0	0	1	1	1	1	0
2018-07-20 16:27:06.216300	69.8	69.0	68.0	65.0	69.8	68.0	69.8	63.0	69.8	66.0	0	1	1	1	1	0
2018-07-20 16:27:13.849721	69.8	69.0	68.0	65.0	69.8	66.0	69.8	63.0	69.8	66.0	0	1	1	1	1	0
2018-07-20 16:27:25.021334	69.8	69.0	69.8	66.0	69.8	66.0	69.8	63.0	69.8	66.0	0	1	1	1	1	0
2018-07-20 16:27:36.191287	69.8	69.0	69.8	66.0	69.8	66.0	69.8	63.0	69.8	66.0	0	1	1	1	1	0
2018-07-20 16:27:46.352802	69.8	69.0	69.8	66.0	69.8	66.0	69.8	63.0	69.8	66.0	0	1	1	1	1	1
2018-07-20 16:28:02.581185	69.8	69.0	69.8	66.0	69.8	66.0	69.8	63.0	69.8	66.0	0	0	1	1	1	1
2018-07-20 16:28:15.272488	69.8	68.0	69.8	66.0	69.8	66.0	69.8	63.0	69.8	66.0	0	0	1	1	1	1
2018-07-20 16:28:31.498334	69.8	68.0	69.8	66.0	69.8	66.0	69.8	63.0	69.8	66.0	0	0	1	0	1	1
2018-07-20 16:28:42.668644	69.8	68.0	68.0	65.0	71.6	69.0	69.8	63.0	69.8	66.0	0	0	1	0	1	1
2018-07-20 16:28:53.837075	69.8	74.0	68.0	66.0	69.8	66.0	69.8	63.0	-1	-1	1	0	1	0	1	1
2018-07-20 16:29:02.479782	69.8	68.0	68.0	66.0	69.8	66.0	69.8	63.0	69.8	67.0	1	0	1	0	1	1
2018-07-20 16:29:13.650441	69.8	68.0	68.0	66.0	69.8	66.0	69.8	63.0	69.8	66.0	0	0	1	0	1	1
2018-07-20 16:29:27.352123	69.8	68.0	68.0	66.0	69.8	66.0	69.8	63.0	69.8	66.0	0	0	1	1	1	1
2018-07-20 16:29:37.513719	69.8	68.0	68.0	66.0	69.8	66.0	69.8	63.0	69.8	66.0	0	0	1	1	1	1
2018-07-20 16:29:45.146753	69.8	68.0	68.0	66.0	71.6	67.0	69.8	63.0	69.8	67.0	0	0	1	1	1	1
2018-07-20 16:29:55.307914	69.8	69.0	68.0	66.0	69.8	66.0	69.8	63.0	69.8	66.0	0	0	1	1	1	1
2018-07-20 16:30:08.000663	69.8	75.0	68.0	66.0	69.8	66.0	69.8	63.0	69.8	67.0	0	0	1	1	1	1
2018-07-20 16:30:25.747443	69.8	69.0	68.0	66.0	69.8	66.0	69.8	63.0	69.8	66.0	0	0	1	1	1	1
2018-07-20 16:30:34.390318	69.8	68.0	68.0	66.0	69.8	68.0	69.8	63.0	69.8	66.0	0	0	1	1	1	1
2018-07-20 16:30:44.555799	69.8	69.0	68.0	66.0	71.6	67.0	69.8	63.0	69.8	66.0	0	0	1	1	1	0
2018-07-20 16:30:55.726775	69.8	75.0	68.0	66.0	69.8	66.0	69.8	63.0	69.8	66.0	0	0	1	1	1	0
2018-07-20 16:31:05.891796	69.8	69.0	68.0	66.0	69.8	66.0	69.8	63.0	69.8	66.0	0	0	1	1	1	0
2018-07-20 16:31:13.525308	69.8	69.0	68.0	66.0	69.8	66.0	69.8	63.0	69.8	66.0	0	0	1	1	1	1
2018-07-20 16:31:22.169978	69.8	69.0	68.0	66.0	69.8	66.0	69.8	63.0	69.8	66.0	1	0	1	1	1	1
2018-07-20 16:31:30.812782	69.8	69.0	68.0	66.0	69.8	66.0	69.8	63.0	69.8	66.0	1	0	1	0	1	1
2018-07-20 16:31:40.974129	69.8	68.0	68.0	66.0	69.8	66.0	69.8	63.0	69.8	66.0	1	0	1	0	1	1
2018-07-20 16:31:52.144050	69.8	69.0	68.0	66.0	69.8	66.0	69.8	63.0	69.8	66.0	1	1	1	0	1	1
2018-07-20 16:32:03.315385	69.8	75.0	68.0	66.0	69.8	66.0	69.8	63.0	69.8	66.0	1	1	1	0	1	1
2018-07-20 16:32:16.004200	69.8	69.0	68.0	66.0	69.8	66.0	69.8	63.0	69.8	66.0	1	1	1	0	1	0
2018-07-20 16:32:24.646851	69.8	68.0	68.0	66.0	69.8	68.0	69.8	63.0	69.8	66.0	1	1	1	1	1	0
2018-07-20 16:32:35.812643	69.8	69.0	68.0	66.0	69.8	66.0	69.8	63.0	69.8	66.0	1	1	1	1	1	0
2018-07-20 16:32:48.499699	69.8	69.0	68.0	66.0	69.8	66.0	69.8	63.0	69.8	66.0	1	1	1	1	1	0
2018-07-20 16:32:57.142724	69.8	69.0	68.0	66.0	69.8	66.0	69.8	63.0	69.8	66.0	1	1	1	1	1	0
2018-07-20 16:33:14.889745	69.8	69.0	68.0	67.0	71.6	67.0	69.8	63.0	69.8	66.0	1	1	1	1	1	1
2018-07-20 16:33:28.591920	69.8	75.0	68.0	66.0	69.8	66.0	69.8	63.0	69.8	66.0	1	1	1	1	1	1
2018-07-20 16:33:39.767345	69.8	75.0	68.0	66.0	69.8	66.0	69.8	63.0	69.8	66.0	1	1	1	1	1	1
2018-07-20 16:33:48.409794	69.8	69.0	68.0	66.0	69.8	66.0	69.8	63.0	69.8	66.0	1	1	0	1	1	1
2018-07-20 16:34:04.644813	69.8	69.0	68.0	67.0	69.8	66.0	69.8	63.0	69.8	66.0	1	1	0	0	1	1
2018-07-20 16:34:13.289644	69.8	69.0	68.0	66.0	69.8	66.0	69.8	63.0	69.8	66.0	1	0	0	0	1	1
2018-07-20 16:34:21.932723	69.8	69.0	68.0	66.0	69.8	66.0	69.8	63.0	69.8	66.0	1	0	0	0	1	1
2018-07-20 16:34:29.566453	69.8	69.0	68.0	66.0	69.8	66.0	69.8	63.0	69.8	66.0	1	0	0	0	1	1
2018-07-20 16:34:43.264728	69.8	69.0	68.0	66.0	69.8	66.0	69.8	63.0	69.8	66.0	1	0	0	0	1	1
2018-07-20 16:34:54.435652	69.8	69.0	68.0	66.0	69.8	66.0	69.8	63.0	69.8	67.0	1	1	0	0	1	1
2018-07-20 16:35:03.078399	69.8	69.0	68.0	66.0	69.8	68.0	69.8	63.0	69.8	66.0	0	1	0	0	1	1
2018-07-20 16:35:11.720480	69.8	69.0	-1	-1	-1	-1	69.8	63.0	69.8	66.0	0	1	0	0	1	1
2018-07-20 16:35:33.001377	69.8	69.0	68.0	66.0	69.8	66.0	69.8	63.0	69.8	66.0	0	1	1	0	1	1
2018-07-20 16:35:54.279612	69.8	69.0	68.0	66.0	69.8	66.0	69.8	63.0	69.8	66.0	0	1	1	0	1	1
2018-07-20 16:36:13.030353	69.8	69.0	68.0	66.0	69.8	68.0	69.8	63.0	69.8	67.0	0	1	1	0	1	1
2018-07-20 16:36:23.194917	69.8	69.0	68.0	66.0	69.8	66.0	69.8	63.0	69.8	66.0	0	1	1	0	1	1
2018-07-20 16:36:34.365321	69.8	69.0	68.0	66.0	69.8	66.0	69.8	63.0	69.8	66.0	0	1	1	0	1	1
2018-07-20 16:36:50.590957	69.8	75.0	68.0	66.0	69.8	66.0	69.8	63.0	69.8	66.0	0	1	1	0	1	1
2018-07-20 16:37:01.761161	69.8	69.0	68.0	66.0	69.8	66.0	69.8	63.0	69.8	66.0	0	1	1	0	1	1
2018-07-20 16:37:10.404056	69.8	69.0	68.0	67.0	69.8	66.0	69.8	63.0	69.8	66.0	0	0	1	0	1	1
2018-07-20 16:37:19.048361	69.8	69.0	68.0	66.0	69.8	66.0	69.8	63.0	69.8	66.0	0	0	1	0	1	1
2018-07-20 16:37:30.219526	69.8	69.0	68.0	66.0	69.8	66.0	69.8	63.0	69.8	66.0	0	0	1	1	1	1
2018-07-20 16:37:42.908752	69.8	69.0	68.0	66.0	69.8	66.0	69.8	63.0	69.8	66.0	0	0	1	1	1	0
2018-07-20 16:38:01.661144	69.8	75.0	68.0	66.0	69.8	68.0	69.8	63.0	69.8	66.0	0	0	1	0	1	0
2018-07-20 16:38:16.871414	69.8	69.0	68.0	66.0	71.6	67.0	69.8	63.0	69.8	66.0	0	0	1	0	1	1
2018-07-20 16:38:24.505258	69.8	75.0	68.0	66.0	71.6	69.0	69.8	63.0	69.8	66.0	0	0	1	0	1	1
2018-07-20 16:38:37.194032	69.8	69.0	68.0	66.0	-1	-1	69.8	63.0	69.8	66.0	0	0	1	0	1	1
2018-07-20 16:38:45.836670	69.8	75.0	68.0	66.0	71.6	67.0	69.8	63.0	69.8	66.0	0	0	1	1	1	1
2018-07-20 16:38:59.539802	69.8	69.0	68.0	66.0	69.8	66.0	69.8	63.0	69.8	66.0	0	0	1	1	1	1
2018-07-20 16:39:08.182656	69.8	75.0	68.0	66.0	71.6	67.0	69.8	63.0	69.8	66.0	0	0	1	1	1	1
2018-07-20 16:39:15.816578	69.8	69.0	68.0	67.0	69.8	66.0	69.8	63.0	69.8	66.0	0	0	1	1	1	1
2018-07-20 16:39:26.987252	69.8	69.0	68.0	67.0	69.8	66.0	69.8	63.0	69.8	66.0	1	0	1	1	1	1
2018-07-20 16:39:40.685173	69.8	69.0	68.0	67.0	71.6	67.0	69.8	63.0	69.8	66.0	1	0	0	1	1	1
2018-07-20 16:39:48.314146	69.8	75.0	68.0	67.0	71.6	67.0	69.8	63.0	69.8	66.0	1	0	0	1	0	1
2018-07-20 16:39:56.956699	69.8	69.0	68.0	67.0	69.8	66.0	69.8	63.0	-1	-1	0	0	0	1	0	1
2018-07-20 16:40:08.127221	69.8	69.0	68.0	67.0	71.6	67.0	69.8	63.0	69.8	66.0	0	0	0	1	0	1
2018-07-20 16:40:18.288346	69.8	69.0	68.0	67.0	69.8	66.0	69.8	63.0	69.8	66.0	0	0	0	1	0	1
2018-07-20 16:40:38.560300	69.8	75.0	68.0	66.0	69.8	66.0	69.8	63.0	69.8	66.0	0	0	0	1	0	0
2018-07-20 16:40:47.202785	69.8	69.0	68.0	66.0	69.8	66.0	69.8	63.0	69.8	66.0	0	0	1	1	0	0
2018-07-20 16:40:57.367326	69.8	69.0	68.0	66.0	69.8	66.0	69.8	63.0	69.8	66.0	0	0	1	1	0	1
2018-07-20 16:41:06.008432	69.8	69.0	68.0	66.0	69.8	66.0	69.8	63.0	69.8	67.0	0	0	1	1	0	1
2018-07-20 16:41:17.178755	69.8	69.0	68.0	66.0	69.8	66.0	69.8	63.0	69.8	66.0	0	0	1	1	0	1
2018-07-20 16:41:25.821795	69.8	69.0	68.0	67.0	69.8	66.0	69.8	63.0	69.8	66.0	0	0	1	1	0	1
2018-07-20 16:41:36.992475	69.8	69.0	68.0	66.0	69.8	66.0	69.8	63.0	69.8	66.0	0	0	1	1	0	1
2018-07-20 16:41:48.162983	69.8	69.0	68.0	66.0	71.6	67.0	69.8	63.0	69.8	66.0	0	0	0	1	0	1
2018-07-20 16:41:58.323770	69.8	69.0	68.0	66.0	69.8	66.0	69.8	63.0	-1	-1	0	0	0	1	0	0
2018-07-20 16:42:05.956692	69.8	69.0	68.0	66.0	69.8	66.0	69.8	63.0	69.8	66.0	0	0	0	1	0	0
2018-07-20 16:42:14.598165	69.8	69.0	68.0	66.0	69.8	66.0	69.8	63.0	69.8	66.0	1	0	0	1	0	0
2018-07-20 16:42:28.298648	69.8	69.0	-1	-1	69.8	66.0	69.8	63.0	69.8	66.0	1	0	0	1	0	0
2018-07-20 16:42:38.459837	69.8	75.0	68.0	66.0	69.8	66.0	69.8	63.0	69.8	66.0	1	0	0	1	1	0
2018-07-20 16:42:47.101747	69.8	69.0	68.0	66.0	69.8	66.0	69.8	63.0	69.8	66.0	1	0	0	1	1	0
2018-07-20 16:43:03.325365	69.8	69.0	68.0	66.0	69.8	68.0	69.8	63.0	69.8	66.0	1	0	1	1	1	0
2018-07-20 16:43:11.966397	69.8	69.0	68.0	66.0	69.8	68.0	69.8	63.0	69.8	66.0	1	0	1	1	1	0
2018-07-20 16:43:20.607518	69.8	69.0	68.0	66.0	71.6	67.0	69.8	63.0	69.8	66.0	1	0	1	1	1	0
2018-07-20 16:43:31.776000	69.8	69.0	68.0	66.0	69.8	66.0	69.8	63.0	69.8	66.0	1	0	1	1	1	0
2018-07-20 16:43:40.416802	69.8	75.0	68.0	66.0	69.8	66.0	69.8	63.0	69.8	66.0	1	0	1	1	1	0
2018-07-20 16:43:49.058113	69.8	69.0	68.0	66.0	69.8	66.0	69.8	63.0	69.8	66.0	0	0	1	1	1	0
2018-07-20 16:43:57.700076	69.8	69.0	68.0	66.0	69.8	66.0	69.8	63.0	69.8	66.0	0	0	1	1	1	0
2018-07-20 16:44:11.401044	69.8	69.0	68.0	66.0	69.8	66.0	69.8	63.0	69.8	66.0	0	0	1	1	1	0
2018-07-20 16:44:20.042795	69.8	69.0	68.0	66.0	71.6	69.0	69.8	63.0	69.8	66.0	1	0	1	1	1	0
2018-07-20 16:44:27.676186	69.8	69.0	68.0	66.0	69.8	66.0	69.8	63.0	69.8	66.0	1	0	1	1	1	0
2018-07-20 16:44:41.375277	69.8	69.0	68.0	66.0	69.8	66.0	69.8	63.0	69.8	66.0	0	0	1	1	1	0
2018-07-20 16:44:55.075261	69.8	69.0	68.0	66.0	71.6	69.0	69.8	63.0	69.8	66.0	0	0	0	1	1	0
2018-07-20 16:45:05.239228	69.8	69.0	68.0	66.0	69.8	66.0	69.8	63.0	69.8	66.0	0	0	0	1	1	0
2018-07-20 16:45:16.409324	69.8	75.0	68.0	66.0	69.8	66.0	69.8	63.0	69.8	66.0	0	0	0	1	1	0
2018-07-20 16:45:26.569142	69.8	69.0	69.8	67.0	69.8	68.0	69.8	63.0	69.8	66.0	0	0	0	1	1	1
2018-07-20 16:45:36.729364	69.8	75.0	69.8	67.0	69.8	66.0	69.8	63.0	69.8	66.0	0	0	0	1	1	1
2018-07-20 16:45:47.902655	69.8	69.0	68.0	66.0	69.8	66.0	69.8	63.0	69.8	66.0	1	0	0	1	1	1
2018-07-20 16:45:56.544065	69.8	68.0	69.8	67.0	71.6	69.0	69.8	63.0	69.8	66.0	1	0	0	1	1	1
2018-07-20 16:46:04.176244	69.8	68.0	69.8	67.0	69.8	66.0	69.8	63.0	69.8	66.0	1	0	0	1	1	1
2018-07-20 16:46:12.818671	69.8	69.0	69.8	66.0	71.6	67.0	69.8	63.0	69.8	66.0	1	0	0	1	1	1
2018-07-20 16:46:21.461024	69.8	69.0	69.8	66.0	69.8	66.0	69.8	63.0	69.8	66.0	1	0	0	1	1	1
2018-07-20 16:46:30.103410	69.8	69.0	69.8	66.0	71.6	67.0	69.8	63.0	69.8	66.0	1	0	0	0	1	1
2018-07-20 16:46:46.331911	69.8	68.0	69.8	66.0	69.8	66.0	69.8	63.0	69.8	66.0	1	0	0	0	1	1
2018-07-20 16:47:02.560002	69.8	68.0	69.8	66.0	71.6	67.0	69.8	63.0	69.8	66.0	1	0	0	0	1	1
2018-07-20 16:47:11.201940	69.8	74.0	69.8	66.0	69.8	66.0	69.8	63.0	69.8	66.0	1	0	0	0	1	1
2018-07-20 16:47:21.361001	69.8	69.0	69.8	66.0	71.6	67.0	69.8	63.0	69.8	66.0	1	0	0	0	1	1
2018-07-20 16:47:30.003174	69.8	75.0	69.8	66.0	69.8	66.0	69.8	63.0	69.8	66.0	1	0	0	0	1	1
2018-07-20 16:47:40.167367	69.8	69.0	-1	-1	69.8	66.0	69.8	63.0	69.8	66.0	1	0	0	0	1	0
2018-07-20 16:47:58.922897	69.8	75.0	69.8	66.0	71.6	67.0	69.8	63.0	69.8	66.0	1	0	0	1	1	0
2018-07-20 16:48:07.563244	-1	-1	69.8	66.0	69.8	66.0	69.8	63.0	69.8	66.0	1	0	0	1	1	0
2018-07-20 16:48:17.723878	69.8	68.0	69.8	66.0	69.8	66.0	69.8	63.0	69.8	66.0	1	0	0	1	1	1
2018-07-20 16:48:26.362779	69.8	69.0	69.8	66.0	71.6	67.0	69.8	63.0	69.8	66.0	0	0	0	1	1	1
2018-07-20 16:48:42.583003	69.8	75.0	69.8	66.0	69.8	66.0	69.8	63.0	69.8	66.0	0	0	0	1	1	1
2018-07-20 16:48:51.223148	69.8	75.0	69.8	66.0	71.6	67.0	69.8	63.0	69.8	66.0	0	0	0	1	1	1
2018-07-20 16:49:06.438922	69.8	69.0	69.8	66.0	71.6	67.0	69.8	63.0	69.8	66.0	0	0	0	1	1	0
2018-07-20 16:49:20.135734	69.8	69.0	69.8	66.0	71.6	67.0	69.8	63.0	69.8	66.0	0	0	0	1	1	0
2018-07-20 16:49:28.777369	69.8	68.0	69.8	66.0	71.6	67.0	69.8	63.0	69.8	66.0	0	0	1	1	1	0
2018-07-20 16:49:39.950098	69.8	69.0	-1	-1	71.6	67.0	69.8	63.0	69.8	66.0	1	0	1	1	1	0
2018-07-20 16:49:48.592231	69.8	75.0	69.8	66.0	71.6	67.0	69.8	63.0	69.8	66.0	1	1	1	1	1	0
2018-07-20 16:49:56.225567	69.8	69.0	69.8	66.0	71.6	67.0	69.8	63.0	69.8	66.0	1	1	1	1	1	0
2018-07-20 16:50:14.986801	69.8	69.0	69.8	66.0	71.6	67.0	69.8	63.0	69.8	66.0	1	1	1	1	1	0
2018-07-20 16:50:26.162264	69.8	75.0	69.8	66.0	71.6	67.0	69.8	63.0	69.8	65.0	1	1	0	1	1	0
2018-07-20 16:50:33.794999	69.8	69.0	69.8	66.0	-1	-1	69.8	63.0	69.8	66.0	1	1	0	1	1	0
2018-07-20 16:50:42.436360	69.8	69.0	69.8	66.0	71.6	67.0	69.8	63.0	69.8	65.0	1	0	0	1	1	0
2018-07-20 16:50:56.135978	69.8	69.0	69.8	66.0	71.6	67.0	69.8	63.0	69.8	65.0	1	0	0	0	1	0
2018-07-20 16:51:12.363907	69.8	69.0	69.8	66.0	71.6	69.0	69.8	63.0	69.8	66.0	1	0	0	0	1	0
2018-07-20 16:51:23.532693	69.8	69.0	69.8	66.0	71.6	67.0	69.8	63.0	69.8	65.0	1	0	0	0	1	0
2018-07-20 16:51:37.227735	69.8	75.0	69.8	66.0	71.6	67.0	69.8	63.0	69.8	66.0	0	0	0	0	1	0
2018-07-20 16:51:44.860210	69.8	75.0	69.8	66.0	71.6	67.0	69.8	63.0	69.8	65.0	0	0	0	0	1	0
2018-07-20 16:51:53.502100	69.8	69.0	69.8	66.0	71.6	67.0	69.8	63.0	69.8	66.0	1	0	0	0	1	0
2018-07-20 16:52:02.142937	69.8	69.0	69.8	66.0	71.6	67.0	69.8	63.0	69.8	65.0	1	0	0	0	1	0
2018-07-20 16:52:10.784308	69.8	69.0	69.8	66.0	69.8	66.0	69.8	63.0	69.8	66.0	0	0	0	0	1	0
2018-07-20 16:52:21.953940	69.8	69.0	69.8	66.0	71.6	67.0	69.8	63.0	69.8	65.0	0	0	0	0	1	0
2018-07-20 16:52:30.595572	69.8	69.0	69.8	66.0	71.6	67.0	69.8	63.0	69.8	66.0	0	0	0	1	1	0
2018-07-20 16:52:41.765237	69.8	69.0	69.8	66.0	71.6	67.0	69.8	63.0	69.8	65.0	0	0	0	1	1	0
2018-07-20 16:52:51.925092	69.8	69.0	69.8	66.0	71.6	67.0	69.8	63.0	69.8	65.0	0	0	0	1	1	1
2018-07-20 16:53:05.625562	69.8	74.0	69.8	66.0	69.8	66.0	69.8	63.0	69.8	65.0	0	0	1	1	1	1
2018-07-20 16:53:14.263528	69.8	68.0	69.8	66.0	71.6	69.0	69.8	63.0	69.8	65.0	0	0	0	1	1	1
2018-07-20 16:53:24.423716	69.8	68.0	69.8	66.0	71.6	67.0	69.8	63.0	69.8	65.0	0	0	0	1	1	0
2018-07-20 16:53:32.055853	69.8	68.0	69.8	66.0	71.6	67.0	69.8	63.0	71.6	66.0	0	0	0	1	1	0
2018-07-20 16:53:40.697226	69.8	68.0	69.8	66.0	71.6	67.0	69.8	63.0	69.8	65.0	0	0	0	1	1	0
2018-07-20 16:53:49.339105	69.8	68.0	69.8	66.0	71.6	67.0	69.8	63.0	69.8	65.0	0	1	0	1	1	0
2018-07-20 16:53:57.984831	69.8	68.0	69.8	66.0	71.6	67.0	69.8	63.0	69.8	65.0	0	1	1	1	1	0
2018-07-20 16:54:05.617044	69.8	68.0	69.8	66.0	71.6	67.0	69.8	63.0	69.8	65.0	0	1	1	1	1	1
2018-07-20 16:54:23.362069	69.8	68.0	69.8	66.0	71.6	69.0	69.8	63.0	69.8	66.0	0	1	1	1	1	1
2018-07-20 16:54:32.002908	69.8	68.0	69.8	66.0	71.6	69.0	69.8	63.0	69.8	66.0	0	1	1	0	1	1
2018-07-20 16:54:43.171433	69.8	68.0	69.8	66.0	71.6	67.0	69.8	63.0	69.8	65.0	0	0	1	0	1	1
2018-07-20 16:54:50.803605	69.8	68.0	69.8	66.0	71.6	67.0	69.8	63.0	69.8	65.0	0	0	1	0	1	0
2018-07-20 16:55:00.960489	69.8	68.0	69.8	66.0	71.6	67.0	69.8	63.0	69.8	65.0	0	0	1	0	1	0
2018-07-20 16:55:08.593457	69.8	68.0	69.8	66.0	71.6	67.0	69.8	63.0	69.8	65.0	0	0	1	0	1	1
2018-07-20 16:55:19.767065	69.8	68.0	68.0	65.0	71.6	67.0	69.8	63.0	69.8	65.0	0	0	1	0	1	1
2018-07-20 16:55:28.410701	69.8	68.0	68.0	66.0	71.6	69.0	69.8	63.0	69.8	65.0	1	0	1	0	1	1
2018-07-20 16:55:39.579856	69.8	68.0	68.0	66.0	71.6	67.0	69.8	63.0	69.8	65.0	1	1	1	0	1	1
2018-07-20 16:55:48.220516	69.8	68.0	68.0	66.0	71.6	67.0	69.8	63.0	69.8	65.0	1	0	1	0	1	1
2018-07-20 16:55:56.861211	69.8	68.0	68.0	66.0	71.6	67.0	69.8	63.0	69.8	65.0	1	0	1	1	1	1
2018-07-20 16:56:04.493382	69.8	68.0	68.0	66.0	71.6	67.0	69.8	63.0	69.8	65.0	1	0	1	1	1	1
2018-07-20 16:56:13.134726	69.8	68.0	68.0	66.0	71.6	67.0	69.8	63.0	69.8	65.0	1	1	1	1	1	1
2018-07-20 16:56:23.298411	69.8	68.0	68.0	66.0	71.6	67.0	69.8	63.0	69.8	65.0	1	1	1	1	1	1
2018-07-20 16:56:39.526111	69.8	74.0	68.0	66.0	71.6	67.0	69.8	63.0	69.8	66.0	1	1	1	1	1	1
2018-07-20 16:56:48.166721	69.8	74.0	68.0	66.0	71.6	67.0	69.8	63.0	69.8	65.0	1	1	0	1	1	1
2018-07-20 16:57:01.862107	69.8	68.0	68.0	66.0	71.6	69.0	69.8	63.0	69.8	65.0	1	1	0	0	1	1
2018-07-20 16:57:12.021798	69.8	68.0	68.0	66.0	71.6	69.0	69.8	63.0	69.8	65.0	1	1	0	0	1	1
2018-07-20 16:57:28.249662	69.8	68.0	68.0	66.0	71.6	67.0	69.8	63.0	69.8	65.0	1	1	0	0	1	1
2018-07-20 16:57:39.421938	69.8	68.0	68.0	66.0	71.6	67.0	69.8	63.0	69.8	65.0	1	1	0	1	1	1
2018-07-20 16:57:48.062670	69.8	68.0	68.0	66.0	71.6	69.0	69.8	62.0	69.8	65.0	1	0	0	1	1	1
2018-07-20 16:57:59.232066	69.8	68.0	68.0	66.0	71.6	67.0	69.8	62.0	69.8	65.0	1	0	0	1	1	1
2018-07-20 16:58:07.872889	69.8	68.0	68.0	66.0	71.6	67.0	69.8	63.0	69.8	65.0	1	0	0	1	1	1
2018-07-20 16:58:16.515267	69.8	68.0	68.0	66.0	71.6	67.0	69.8	62.0	69.8	65.0	1	0	0	1	1	1
2018-07-20 16:58:24.147446	69.8	69.0	68.0	66.0	71.6	67.0	69.8	62.0	71.6	66.0	1	0	0	1	1	0
2018-07-20 16:58:35.313899	69.8	69.0	68.0	66.0	71.6	67.0	69.8	62.0	69.8	65.0	1	0	0	1	1	0
2018-07-20 16:58:43.962722	69.8	68.0	68.0	66.0	71.6	67.0	69.8	62.0	69.8	65.0	1	0	0	1	1	0
2018-07-20 16:58:57.663228	69.8	68.0	68.0	66.0	71.6	67.0	69.8	62.0	69.8	65.0	1	0	0	1	1	0
2018-07-20 16:59:06.302283	69.8	69.0	69.8	67.0	71.6	67.0	69.8	62.0	69.8	65.0	1	0	0	1	1	0
2018-07-20 16:59:18.990211	69.8	69.0	68.0	66.0	71.6	67.0	69.8	62.0	69.8	65.0	1	0	0	1	1	0
2018-07-20 16:59:32.687984	69.8	69.0	69.8	67.0	71.6	67.0	69.8	62.0	69.8	65.0	0	0	0	1	1	0
2018-07-20 16:59:47.902136	69.8	69.0	69.8	67.0	71.6	67.0	69.8	62.0	69.8	65.0	0	0	0	1	1	0
2018-07-20 16:59:56.543813	69.8	75.0	69.8	67.0	71.6	69.0	69.8	62.0	71.6	66.0	0	1	0	1	1	0
2018-07-20 17:00:05.185250	69.8	69.0	69.8	67.0	71.6	67.0	69.8	62.0	69.8	65.0	0	1	0	1	1	0
2018-07-20 17:00:16.354338	69.8	68.0	69.8	67.0	71.6	67.0	69.8	62.0	71.6	66.0	0	1	1	1	1	0
2018-07-20 17:00:27.523939	69.8	68.0	69.8	67.0	71.6	69.0	69.8	62.0	71.6	66.0	1	1	1	1	1	0
2018-07-20 17:00:36.165764	69.8	69.0	69.8	67.0	71.6	67.0	69.8	62.0	69.8	65.0	0	1	1	1	1	0
2018-07-20 17:00:47.335162	69.8	69.0	69.8	66.0	71.6	67.0	69.8	62.0	69.8	65.0	0	1	1	1	1	0
2018-07-20 17:00:58.504276	69.8	74.0	69.8	67.0	71.6	67.0	69.8	62.0	69.8	65.0	0	1	0	1	1	0
2018-07-20 17:01:09.673576	69.8	68.0	69.8	66.0	71.6	69.0	69.8	62.0	71.6	66.0	0	1	0	1	1	0
2018-07-20 17:01:17.306016	69.8	68.0	69.8	66.0	71.6	67.0	69.8	62.0	71.6	66.0	0	1	0	1	1	1
2018-07-20 17:01:28.476788	69.8	68.0	69.8	66.0	71.6	67.0	69.8	62.0	71.6	66.0	1	1	0	1	1	1
2018-07-20 17:01:42.170924	69.8	68.0	69.8	66.0	71.6	67.0	69.8	62.0	71.6	66.0	1	1	0	1	1	1
2018-07-20 17:01:50.811410	69.8	68.0	69.8	66.0	71.6	67.0	69.8	62.0	71.6	66.0	1	1	0	1	1	1
2018-07-20 17:02:01.979855	69.8	68.0	69.8	66.0	71.6	67.0	69.8	62.0	71.6	66.0	1	1	0	1	1	1
2018-07-20 17:02:10.620515	69.8	68.0	69.8	66.0	71.6	67.0	69.8	62.0	69.8	65.0	1	1	0	1	1	1
2018-07-20 17:02:21.788924	69.8	68.0	69.8	66.0	71.6	67.0	69.8	62.0	71.6	66.0	1	0	0	1	1	1
2018-07-20 17:02:29.421242	69.8	68.0	69.8	66.0	71.6	67.0	69.8	62.0	69.8	65.0	1	0	0	1	1	1
2018-07-20 17:02:39.580952	69.8	68.0	69.8	66.0	71.6	67.0	69.8	62.0	69.8	65.0	1	0	0	1	1	0
2018-07-20 17:02:50.749623	69.8	68.0	69.8	66.0	71.6	67.0	69.8	62.0	69.8	65.0	1	1	0	1	1	0
2018-07-20 17:02:59.391468	69.8	68.0	69.8	66.0	71.6	67.0	69.8	62.0	71.6	66.0	1	1	1	1	1	0
2018-07-20 17:03:10.559725	69.8	68.0	69.8	66.0	71.6	67.0	69.8	62.0	69.8	65.0	0	1	1	1	1	0
2018-07-20 17:03:19.201569	69.8	68.0	69.8	66.0	71.6	67.0	69.8	62.0	69.8	65.0	0	1	1	0	1	0
2018-07-20 17:03:32.897699	69.8	68.0	69.8	66.0	71.6	67.0	69.8	62.0	71.6	66.0	0	1	1	0	1	0
2018-07-20 17:03:41.542729	69.8	74.0	69.8	66.0	71.6	69.0	69.8	62.0	69.8	65.0	0	0	1	0	1	0
2018-07-20 17:03:49.175189	69.8	68.0	69.8	66.0	71.6	67.0	69.8	62.0	69.8	65.0	0	0	1	0	1	0
2018-07-20 17:04:00.343962	69.8	68.0	69.8	66.0	71.6	67.0	69.8	62.0	69.8	65.0	1	0	1	0	1	0
2018-07-20 17:04:11.512573	69.8	74.0	69.8	66.0	71.6	67.0	69.8	62.0	71.6	65.0	1	1	1	0	1	0
2018-07-20 17:04:21.672137	69.8	68.0	69.8	66.0	71.6	67.0	69.8	62.0	71.6	66.0	1	1	1	0	1	0
2018-07-20 17:04:30.313398	69.8	68.0	69.8	66.0	71.6	67.0	69.8	62.0	69.8	65.0	0	1	1	0	1	0
2018-07-20 17:04:38.954899	69.8	68.0	69.8	66.0	71.6	67.0	69.8	62.0	71.6	66.0	0	1	1	0	1	0
2018-07-20 17:04:47.597668	69.8	68.0	69.8	66.0	71.6	67.0	69.8	62.0	69.8	65.0	0	1	1	0	1	0
2018-07-20 17:04:58.767159	69.8	68.0	69.8	66.0	71.6	67.0	69.8	62.0	69.8	65.0	0	1	1	0	1	0
2018-07-20 17:05:08.926820	69.8	68.0	69.8	66.0	71.6	67.0	69.8	62.0	71.6	66.0	0	1	1	0	1	0
2018-07-20 17:05:16.559360	69.8	68.0	69.8	66.0	71.6	67.0	69.8	62.0	71.6	66.0	0	1	1	0	1	0
2018-07-20 17:05:26.719924	69.8	68.0	69.8	66.0	71.6	67.0	69.8	62.0	71.6	66.0	0	1	1	0	1	1
2018-07-20 17:05:35.361041	69.8	68.0	69.8	66.0	71.6	67.0	69.8	62.0	69.8	65.0	0	1	1	0	1	1
2018-07-20 17:05:42.993712	69.8	68.0	69.8	66.0	71.6	67.0	69.8	62.0	69.8	65.0	0	1	1	0	1	1
2018-07-20 17:05:51.635130	69.8	68.0	69.8	66.0	71.6	67.0	69.8	62.0	69.8	65.0	0	1	1	0	1	1
2018-07-20 17:06:05.329846	69.8	68.0	69.8	66.0	71.6	67.0	69.8	62.0	69.8	65.0	1	1	1	0	1	1
2018-07-20 17:06:13.971374	69.8	68.0	69.8	66.0	71.6	67.0	69.8	62.0	69.8	65.0	1	1	1	0	1	1
2018-07-20 17:06:21.603708	69.8	68.0	69.8	66.0	71.6	67.0	69.8	62.0	69.8	65.0	1	1	1	0	1	1
2018-07-20 17:06:29.235985	69.8	68.0	69.8	66.0	71.6	67.0	69.8	62.0	69.8	65.0	1	1	1	0	1	1
2018-07-20 17:06:37.877323	69.8	68.0	69.8	66.0	71.6	67.0	69.8	62.0	69.8	65.0	1	1	1	0	1	1
2018-07-20 17:06:45.510213	69.8	68.0	68.0	66.0	71.6	67.0	69.8	62.0	69.8	65.0	1	1	1	0	1	0
2018-07-20 17:06:54.151829	69.8	68.0	68.0	65.0	71.6	67.0	69.8	62.0	69.8	65.0	1	1	1	0	1	0
2018-07-20 17:07:04.312401	69.8	68.0	68.0	66.0	71.6	67.0	69.8	62.0	69.8	65.0	1	1	1	0	1	1
2018-07-20 17:07:11.945129	69.8	68.0	68.0	66.0	71.6	67.0	69.8	62.0	69.8	65.0	1	1	1	0	1	1
2018-07-20 17:07:20.589845	69.8	68.0	68.0	66.0	71.6	67.0	69.8	62.0	69.8	65.0	1	0	1	0	1	1
2018-07-20 17:07:30.747947	69.8	68.0	68.0	66.0	71.6	67.0	69.8	62.0	69.8	65.0	1	0	1	0	1	0
2018-07-20 17:07:38.380598	69.8	68.0	68.0	66.0	71.6	68.0	69.8	62.0	69.8	65.0	1	0	1	0	1	0
2018-07-20 17:07:52.076832	69.8	68.0	68.0	66.0	71.6	67.0	69.8	62.0	69.8	65.0	1	0	0	0	1	0
2018-07-20 17:07:59.709489	69.8	68.0	68.0	66.0	71.6	67.0	69.8	62.0	69.8	65.0	1	0	0	0	1	0
2018-07-20 17:08:08.350152	69.8	68.0	68.0	66.0	71.6	67.0	69.8	62.0	69.8	65.0	1	0	0	0	1	0
2018-07-20 17:08:22.053612	69.8	68.0	68.0	66.0	71.6	67.0	69.8	62.0	69.8	65.0	1	1	0	0	1	0
2018-07-20 17:08:38.277348	69.8	68.0	68.0	66.0	71.6	68.0	69.8	62.0	69.8	65.0	1	1	0	0	1	0
2018-07-20 17:08:49.446004	69.8	68.0	68.0	66.0	71.6	67.0	69.8	62.0	69.8	65.0	1	0	0	0	1	0
2018-07-20 17:08:58.086943	69.8	74.0	68.0	66.0	71.6	67.0	69.8	62.0	69.8	65.0	1	0	1	0	1	0
2018-07-20 17:09:05.720156	69.8	69.0	68.0	66.0	71.6	67.0	69.8	62.0	69.8	65.0	1	0	1	0	1	1
2018-07-20 17:09:15.880241	69.8	68.0	69.8	67.0	71.6	67.0	69.8	62.0	69.8	65.0	1	0	1	0	1	1
2018-07-20 17:09:24.524213	69.8	68.0	68.0	66.0	71.6	67.0	69.8	62.0	69.8	65.0	1	0	0	0	1	1
2018-07-20 17:09:43.285125	69.8	68.0	69.8	67.0	71.6	67.0	69.8	62.0	69.8	65.0	1	1	0	0	1	1
2018-07-20 17:09:54.453863	69.8	68.0	69.8	67.0	71.6	67.0	69.8	62.0	69.8	65.0	1	1	0	0	1	1
2018-07-20 17:10:07.145199	69.8	68.0	69.8	67.0	71.6	69.0	69.8	62.0	69.8	65.0	1	1	0	0	1	1
2018-07-20 17:10:18.313739	69.8	68.0	69.8	67.0	71.6	67.0	69.8	62.0	71.6	66.0	1	1	0	0	1	1
2018-07-20 17:10:26.955241	69.8	68.0	69.8	67.0	71.6	67.0	69.8	62.0	69.8	65.0	1	1	0	0	1	1
2018-07-20 17:10:35.596306	69.8	68.0	69.8	67.0	71.6	67.0	69.8	62.0	71.6	66.0	1	1	0	1	1	1
2018-07-20 17:10:43.229227	69.8	68.0	69.8	67.0	71.6	67.0	69.8	62.0	69.8	65.0	1	1	0	1	1	1
2018-07-20 17:10:51.871036	69.8	68.0	69.8	66.0	71.6	67.0	69.8	62.0	69.8	65.0	1	1	0	1	1	1
2018-07-20 17:11:02.031733	69.8	68.0	69.8	66.0	71.6	67.0	69.8	62.0	69.8	65.0	1	1	0	1	1	1
2018-07-20 17:11:09.664537	69.8	68.0	69.8	67.0	71.6	67.0	69.8	62.0	69.8	65.0	1	1	0	1	0	1
2018-07-20 17:11:18.306637	69.8	68.0	69.8	66.0	71.6	67.0	69.8	62.0	69.8	65.0	1	1	0	1	0	1
2018-07-20 17:11:26.949464	69.8	68.0	69.8	66.0	71.6	67.0	69.8	62.0	69.8	65.0	1	0	0	1	0	1
2018-07-20 17:11:35.591269	69.8	68.0	69.8	66.0	71.6	67.0	69.8	62.0	69.8	65.0	1	0	0	0	0	1
2018-07-20 17:11:44.233039	69.8	68.0	69.8	66.0	71.6	67.0	69.8	62.0	69.8	65.0	1	0	0	0	0	1
2018-07-20 17:11:52.874309	69.8	68.0	69.8	66.0	71.6	67.0	69.8	62.0	69.8	65.0	0	0	0	0	0	1
2018-07-20 17:12:09.098707	69.8	68.0	69.8	66.0	71.6	67.0	69.8	62.0	69.8	65.0	0	0	0	1	0	1
2018-07-20 17:12:16.731232	69.8	74.0	69.8	66.0	71.6	67.0	69.8	62.0	69.8	65.0	0	0	0	1	0	0
2018-07-20 17:12:25.372040	69.8	68.0	69.8	66.0	71.6	67.0	69.8	62.0	69.8	65.0	0	0	0	0	0	0
2018-07-20 17:12:36.540305	69.8	68.0	69.8	66.0	71.6	67.0	69.8	62.0	69.8	65.0	0	1	0	0	0	0
2018-07-20 17:12:45.181367	69.8	68.0	69.8	66.0	71.6	67.0	69.8	62.0	69.8	65.0	1	1	0	0	0	0
2018-07-20 17:12:56.349844	69.8	69.0	69.8	66.0	71.6	67.0	69.8	62.0	69.8	65.0	1	1	0	1	0	0
2018-07-20 17:13:04.991472	69.8	68.0	69.8	66.0	71.6	67.0	69.8	62.0	69.8	65.0	1	0	0	1	0	0
2018-07-20 17:13:16.160034	69.8	69.0	69.8	66.0	71.6	67.0	69.8	62.0	69.8	65.0	1	0	1	1	0	0
2018-07-20 17:13:24.801117	69.8	69.0	69.8	66.0	71.6	67.0	69.8	62.0	69.8	65.0	1	0	0	1	0	0
2018-07-20 17:13:33.441954	69.8	69.0	69.8	66.0	71.6	67.0	69.8	62.0	69.8	65.0	1	1	0	1	0	0
2018-07-20 17:13:41.074068	69.8	69.0	69.8	66.0	71.6	67.0	69.8	62.0	69.8	64.0	1	1	0	1	1	0
2018-07-20 17:13:49.715758	69.8	69.0	69.8	66.0	71.6	67.0	69.8	62.0	71.6	66.0	1	0	0	1	1	0
2018-07-20 17:13:58.357246	69.8	69.0	69.8	66.0	71.6	67.0	69.8	62.0	71.6	66.0	1	0	0	0	1	0
2018-07-20 17:14:09.526477	69.8	69.0	69.8	66.0	71.6	67.0	69.8	62.0	71.6	66.0	1	1	0	0	1	0
2018-07-20 17:14:23.223619	69.8	74.0	69.8	66.0	71.6	67.0	69.8	62.0	71.6	66.0	1	1	0	0	1	0
2018-07-20 17:14:31.864347	69.8	69.0	69.8	66.0	71.6	67.0	69.8	62.0	71.6	66.0	1	1	1	0	1	0
2018-07-20 17:14:40.504945	69.8	69.0	69.8	66.0	71.6	67.0	69.8	62.0	69.8	64.0	1	1	1	0	1	0
2018-07-20 17:14:49.145830	69.8	69.0	69.8	66.0	71.6	67.0	69.8	62.0	71.6	65.0	0	1	1	0	1	0
2018-07-20 17:15:00.315710	69.8	69.0	69.8	66.0	71.6	67.0	69.8	62.0	71.6	65.0	0	1	1	0	1	0
2018-07-20 17:15:11.485042	69.8	74.0	69.8	66.0	71.6	67.0	69.8	62.0	71.6	65.0	0	1	1	0	1	0
2018-07-20 17:15:19.117700	69.8	69.0	69.8	66.0	71.6	67.0	69.8	62.0	71.6	66.0	0	1	1	0	1	1
2018-07-20 17:15:29.277997	69.8	68.0	69.8	66.0	71.6	67.0	69.8	62.0	71.6	65.0	0	1	1	0	1	1
2018-07-20 17:15:36.910787	69.8	68.0	69.8	66.0	71.6	67.0	69.8	62.0	71.6	66.0	0	1	1	0	1	1
2018-07-20 17:15:48.080501	69.8	68.0	69.8	66.0	71.6	67.0	69.8	62.0	71.6	65.0	0	1	1	0	1	1
2018-07-20 17:15:56.721339	69.8	74.0	69.8	66.0	71.6	67.0	69.8	62.0	71.6	65.0	0	1	1	0	1	1
2018-07-20 17:16:04.353351	69.8	68.0	69.8	66.0	71.6	67.0	69.8	62.0	71.6	66.0	0	1	1	0	1	0
2018-07-20 17:16:12.994996	69.8	68.0	69.8	66.0	71.6	67.0	69.8	62.0	69.8	64.0	0	1	1	1	1	0
2018-07-20 17:16:23.154787	69.8	68.0	69.8	66.0	71.6	67.0	69.8	62.0	71.6	66.0	0	1	1	1	1	1
2018-07-20 17:16:31.795697	69.8	68.0	69.8	66.0	71.6	67.0	69.8	62.0	71.6	66.0	0	1	1	0	1	1
2018-07-20 17:16:39.428065	69.8	68.0	69.8	66.0	71.6	67.0	69.8	62.0	71.6	66.0	0	1	1	0	1	1
2018-07-20 17:16:48.069938	69.8	68.0	69.8	67.0	71.6	67.0	69.8	62.0	71.6	66.0	0	1	1	0	1	1
2018-07-20 17:16:58.230624	69.8	68.0	69.8	66.0	71.6	67.0	69.8	62.0	69.8	65.0	0	1	1	0	1	0
2018-07-20 17:17:05.863025	69.8	68.0	69.8	67.0	71.6	67.0	69.8	62.0	69.8	64.0	0	1	1	0	1	0
2018-07-20 17:17:14.503266	69.8	68.0	68.0	66.0	71.6	67.0	69.8	62.0	69.8	65.0	0	1	1	0	1	0
2018-07-20 17:17:23.144958	69.8	68.0	69.8	66.0	71.6	67.0	69.8	62.0	71.6	66.0	1	1	1	0	1	0
2018-07-20 17:17:34.314121	69.8	68.0	68.0	65.0	71.6	67.0	69.8	62.0	69.8	65.0	0	1	1	0	1	0
2018-07-20 17:17:42.955453	69.8	68.0	69.8	67.0	71.6	67.0	69.8	62.0	71.6	66.0	0	1	1	1	1	0
2018-07-20 17:17:56.647351	69.8	68.0	68.0	66.0	71.6	67.0	69.8	62.0	69.8	65.0	0	0	1	1	1	0
2018-07-20 17:18:05.288417	69.8	68.0	69.8	67.0	71.6	67.0	69.8	62.0	71.6	66.0	0	0	1	1	1	0
2018-07-20 17:18:13.930021	69.8	68.0	69.8	67.0	71.6	67.0	69.8	62.0	71.6	66.0	1	0	1	1	1	0
2018-07-20 17:18:24.089848	69.8	68.0	69.8	67.0	71.6	67.0	69.8	62.0	71.6	66.0	1	0	1	1	1	1
2018-07-20 17:18:37.789794	69.8	68.0	69.8	67.0	71.6	67.0	69.8	62.0	69.8	65.0	1	1	1	1	1	1
2018-07-20 17:18:46.431424	69.8	74.0	69.8	67.0	71.6	67.0	69.8	62.0	71.6	66.0	1	1	0	1	1	1
2018-07-20 17:18:57.601100	69.8	68.0	69.8	66.0	71.6	67.0	69.8	62.0	69.8	65.0	1	0	0	1	1	1
2018-07-20 17:19:06.242683	69.8	68.0	69.8	67.0	71.6	67.0	69.8	62.0	69.8	65.0	1	0	0	1	1	1
2018-07-20 17:19:14.884639	69.8	68.0	69.8	67.0	71.6	67.0	69.8	62.0	69.8	65.0	1	1	0	1	1	1
2018-07-20 17:19:23.525431	69.8	68.0	69.8	67.0	71.6	67.0	69.8	62.0	71.6	66.0	1	1	1	1	1	1
2018-07-20 17:19:34.697197	69.8	68.0	69.8	66.0	71.6	67.0	69.8	62.0	71.6	66.0	1	1	1	1	1	1
2018-07-20 17:19:42.329838	69.8	74.0	69.8	66.0	71.6	67.0	69.8	62.0	69.8	65.0	1	1	1	1	1	1
2018-07-20 17:19:50.970695	69.8	68.0	69.8	66.0	71.6	67.0	69.8	62.0	69.8	65.0	1	1	1	1	1	1
2018-07-20 17:19:59.611680	69.8	68.0	68.0	65.0	71.6	67.0	69.8	62.0	69.8	65.0	1	1	1	1	1	1
2018-07-20 17:20:13.307206	69.8	68.0	69.8	66.0	71.6	67.0	69.8	62.0	71.6	66.0	1	1	1	1	1	1
2018-07-20 17:20:25.994501	69.8	68.0	69.8	66.0	71.6	67.0	69.8	62.0	69.8	65.0	1	1	1	1	1	1
2018-07-20 17:20:34.635567	69.8	74.0	69.8	66.0	71.6	67.0	69.8	62.0	69.8	65.0	1	1	1	1	1	1
2018-07-20 17:20:45.802594	69.8	68.0	68.0	65.0	71.6	67.0	69.8	62.0	69.8	65.0	0	1	1	1	1	1
2018-07-20 17:20:55.962589	69.8	68.0	68.0	65.0	71.6	67.0	69.8	62.0	69.8	65.0	0	1	1	1	1	1
2018-07-20 17:21:04.603483	69.8	68.0	68.0	66.0	71.6	67.0	69.8	62.0	71.6	66.0	0	1	1	1	1	1
2018-07-20 17:21:15.772514	69.8	68.0	68.0	66.0	71.6	67.0	69.8	62.0	69.8	65.0	0	1	1	1	1	1
2018-07-20 17:21:24.413519	69.8	68.0	68.0	66.0	71.6	67.0	69.8	62.0	69.8	65.0	0	1	1	1	1	1
2018-07-20 17:21:33.056194	69.8	68.0	68.0	66.0	71.6	67.0	69.8	62.0	69.8	65.0	0	1	1	1	1	1
2018-07-20 17:21:40.688586	69.8	69.0	68.0	66.0	71.6	67.0	69.8	62.0	69.8	65.0	0	1	1	1	1	1
2018-07-20 17:21:49.329138	69.8	69.0	68.0	66.0	71.6	67.0	69.8	62.0	69.8	65.0	0	1	0	1	1	1
2018-07-20 17:21:57.970242	69.8	69.0	68.0	66.0	71.6	67.0	69.8	62.0	69.8	65.0	1	1	0	1	1	1
2018-07-20 17:22:06.611041	69.8	69.0	68.0	66.0	71.6	67.0	69.8	62.0	71.6	66.0	1	1	0	0	1	1
2018-07-20 17:22:14.245108	69.8	68.0	68.0	66.0	71.6	67.0	69.8	62.0	69.8	65.0	1	1	0	0	1	1
2018-07-20 17:22:22.885594	69.8	69.0	68.0	66.0	71.6	67.0	69.8	62.0	71.6	66.0	1	0	0	0	1	1
2018-07-20 17:22:34.053560	69.8	68.0	68.0	66.0	71.6	67.0	69.8	62.0	71.6	66.0	1	0	0	1	1	1
2018-07-20 17:22:45.221865	69.8	68.0	68.0	66.0	71.6	67.0	69.8	62.0	71.6	66.0	1	1	0	1	1	1
2018-07-20 17:22:53.862288	69.8	68.0	68.0	66.0	71.6	67.0	69.8	62.0	71.6	66.0	1	1	0	1	1	1
2018-07-20 17:23:02.503389	69.8	68.0	68.0	66.0	71.6	67.0	69.8	62.0	71.6	66.0	1	0	0	1	1	1
2018-07-20 17:23:11.147663	69.8	68.0	68.0	66.0	71.6	67.0	69.8	62.0	71.6	66.0	1	0	0	1	1	1
2018-07-20 17:23:21.307267	69.8	68.0	68.0	66.0	71.6	67.0	69.8	62.0	71.6	66.0	1	0	0	1	1	0
2018-07-20 17:23:29.948168	69.8	69.0	69.8	67.0	71.6	68.0	69.8	62.0	69.8	65.0	1	0	0	1	1	0
2018-07-20 17:23:45.163443	69.8	69.0	69.8	67.0	71.6	67.0	69.8	62.0	71.6	66.0	1	0	0	1	0	0
2018-07-20 17:23:58.859673	69.8	74.0	69.8	67.0	71.6	67.0	69.8	62.0	71.6	66.0	1	1	0	1	0	0
2018-07-20 17:24:07.501797	69.8	68.0	69.8	67.0	71.6	67.0	69.8	62.0	71.6	65.0	1	1	0	1	0	0
2018-07-20 17:24:16.143959	69.8	68.0	69.8	67.0	71.6	67.0	69.8	62.0	69.8	65.0	0	1	0	1	0	0
2018-07-20 17:24:28.835137	69.8	68.0	69.8	67.0	71.6	67.0	69.8	62.0	69.8	65.0	0	1	0	1	0	1
2018-07-20 17:24:37.473928	69.8	69.0	69.8	67.0	71.6	68.0	69.8	62.0	69.8	65.0	0	1	0	1	0	1
2018-07-20 17:24:56.229611	69.8	68.0	69.8	67.0	71.6	68.0	69.8	62.0	69.8	65.0	1	1	0	1	0	1
2018-07-20 17:25:07.396741	69.8	68.0	69.8	67.0	71.6	68.0	69.8	62.0	69.8	65.0	1	1	0	1	0	1
2018-07-20 17:25:18.565932	69.8	68.0	69.8	66.0	71.6	67.0	69.8	62.0	69.8	65.0	1	1	0	1	0	1
2018-07-20 17:25:32.269929	69.8	74.0	69.8	66.0	71.6	67.0	69.8	62.0	69.8	65.0	1	1	0	1	0	1
2018-07-20 17:25:40.909893	69.8	68.0	69.8	66.0	71.6	66.0	69.8	62.0	69.8	65.0	1	1	0	1	0	1
2018-07-20 17:25:49.551874	69.8	69.0	69.8	66.0	71.6	66.0	69.8	62.0	69.8	65.0	1	1	0	1	0	1
2018-07-20 17:25:58.193439	69.8	68.0	69.8	66.0	71.6	66.0	69.8	62.0	69.8	65.0	1	1	0	1	0	1
2018-07-20 17:26:06.835012	69.8	68.0	69.8	66.0	71.6	66.0	69.8	62.0	69.8	65.0	1	1	1	1	0	1
2018-07-20 17:26:18.006054	69.8	68.0	69.8	66.0	71.6	67.0	69.8	62.0	69.8	65.0	1	0	1	1	0	1
2018-07-20 17:26:29.174986	69.8	69.0	69.8	66.0	71.6	68.0	69.8	62.0	69.8	65.0	1	0	0	1	0	1
2018-07-20 17:26:37.816462	69.8	69.0	69.8	67.0	71.6	67.0	69.8	62.0	69.8	66.0	1	0	0	1	0	1
2018-07-20 17:26:45.449239	69.8	69.0	69.8	67.0	71.6	67.0	69.8	62.0	69.8	65.0	1	0	0	1	0	1
2018-07-20 17:26:53.081750	69.8	69.0	69.8	67.0	71.6	67.0	69.8	62.0	69.8	65.0	1	0	0	1	0	0
2018-07-20 17:27:04.251181	69.8	69.0	69.8	67.0	71.6	67.0	69.8	62.0	69.8	65.0	0	0	0	1	0	0
2018-07-20 17:27:14.411187	69.8	69.0	69.8	67.0	71.6	67.0	69.8	62.0	69.8	65.0	0	0	0	1	0	1
2018-07-20 17:27:22.043955	69.8	69.0	69.8	67.0	71.6	67.0	69.8	62.0	69.8	65.0	0	0	0	1	0	1
2018-07-20 17:27:30.684877	69.8	69.0	69.8	67.0	71.6	67.0	69.8	62.0	69.8	65.0	0	0	0	1	0	1
2018-07-20 17:27:39.325973	69.8	69.0	69.8	67.0	71.6	67.0	69.8	62.0	69.8	65.0	0	0	0	1	0	1
2018-07-20 17:27:55.553485	69.8	69.0	69.8	67.0	71.6	68.0	69.8	62.0	69.8	65.0	0	0	0	1	0	1
2018-07-20 17:28:04.194757	69.8	75.0	69.8	67.0	71.6	68.0	69.8	62.0	69.8	65.0	1	0	0	1	0	1
2018-07-20 17:28:12.835844	69.8	69.0	69.8	67.0	71.6	67.0	69.8	62.0	69.8	65.0	1	1	0	1	0	1
2018-07-20 17:28:26.536577	69.8	69.0	69.8	67.0	71.6	67.0	69.8	62.0	69.8	65.0	1	0	0	1	0	1
2018-07-20 17:28:36.696626	69.8	69.0	69.8	67.0	71.6	68.0	69.8	62.0	69.8	65.0	1	0	0	1	0	1
2018-07-20 17:28:47.864382	69.8	75.0	69.8	67.0	71.6	67.0	69.8	62.0	69.8	65.0	1	0	1	1	0	1
2018-07-20 17:28:59.032711	69.8	69.0	69.8	67.0	71.6	68.0	69.8	62.0	69.8	66.0	1	0	1	1	0	1
2018-07-20 17:29:07.673379	69.8	69.0	69.8	67.0	71.6	67.0	69.8	62.0	69.8	66.0	1	1	1	1	0	1
2018-07-20 17:29:16.314436	69.8	69.0	69.8	67.0	71.6	67.0	69.8	62.0	69.8	65.0	1	1	1	1	0	1
2018-07-20 17:29:26.474015	69.8	69.0	69.8	67.0	71.6	67.0	69.8	62.0	69.8	65.0	1	1	1	1	0	1
2018-07-20 17:29:37.639161	69.8	69.0	68.0	66.0	71.6	67.0	69.8	62.0	69.8	66.0	1	1	1	1	0	1
2018-07-20 17:29:45.271606	69.8	69.0	69.8	67.0	71.6	67.0	69.8	62.0	69.8	65.0	1	1	1	1	0	0
2018-07-20 17:29:53.912668	69.8	69.0	69.8	67.0	71.6	67.0	69.8	62.0	69.8	65.0	1	1	1	0	0	0
2018-07-20 17:30:10.136924	69.8	69.0	68.0	66.0	71.6	67.0	69.8	62.0	69.8	65.0	1	1	1	0	0	0
2018-07-20 17:30:17.769756	69.8	69.0	69.8	67.0	71.6	67.0	69.8	62.0	69.8	66.0	1	1	1	0	1	0
2018-07-20 17:30:31.465728	69.8	75.0	69.8	67.0	71.6	67.0	69.8	62.0	69.8	66.0	1	1	0	0	1	0
2018-07-20 17:30:40.107054	69.8	75.0	68.0	66.0	71.6	67.0	69.8	62.0	69.8	66.0	1	1	0	0	1	0
2018-07-20 17:30:51.276157	69.8	69.0	69.8	67.0	71.6	67.0	69.8	62.0	69.8	65.0	1	1	0	0	1	0
2018-07-20 17:31:02.444617	69.8	69.0	69.8	67.0	71.6	67.0	69.8	62.0	69.8	66.0	1	1	0	0	1	0
2018-07-20 17:31:12.604672	69.8	69.0	69.8	67.0	71.6	67.0	69.8	62.0	69.8	65.0	1	1	0	0	1	0
2018-07-20 17:31:23.772994	69.8	69.0	69.8	67.0	71.6	68.0	69.8	62.0	69.8	65.0	1	1	0	0	1	0
2018-07-20 17:31:31.405869	69.8	69.0	69.8	67.0	71.6	67.0	69.8	62.0	69.8	66.0	1	1	0	0	1	1
2018-07-20 17:31:45.102741	69.8	69.0	69.8	67.0	71.6	67.0	69.8	62.0	69.8	65.0	1	0	0	0	1	1
2018-07-20 17:31:53.743352	69.8	69.0	69.8	67.0	71.6	67.0	69.8	62.0	69.8	66.0	1	0	1	0	1	1
2018-07-20 17:32:01.375854	69.8	69.0	69.8	67.0	71.6	67.0	69.8	62.0	69.8	66.0	1	0	1	0	1	0
2018-07-20 17:32:12.544453	69.8	69.0	69.8	67.0	71.6	67.0	69.8	62.0	69.8	66.0	1	0	1	0	1	0
2018-07-20 17:32:21.185104	69.8	69.0	69.8	67.0	71.6	68.0	69.8	62.0	69.8	66.0	1	0	1	0	1	0
2018-07-20 17:32:29.825778	69.8	69.0	69.8	67.0	71.6	67.0	69.8	62.0	69.8	66.0	1	0	1	0	1	0
2018-07-20 17:32:37.461015	69.8	69.0	69.8	67.0	71.6	67.0	69.8	62.0	69.8	66.0	1	0	1	0	1	1
2018-07-20 17:32:46.101670	69.8	69.0	69.8	67.0	71.6	67.0	69.8	62.0	69.8	66.0	1	0	0	0	1	1
2018-07-20 17:32:53.734011	69.8	69.0	69.8	67.0	71.6	67.0	69.8	62.0	69.8	66.0	1	0	0	0	1	1
2018-07-20 17:33:04.908540	69.8	69.0	69.8	67.0	71.6	67.0	69.8	62.0	69.8	66.0	1	0	0	0	1	1
2018-07-20 17:33:13.549470	69.8	75.0	69.8	67.0	71.6	67.0	69.8	62.0	69.8	66.0	0	0	0	0	1	1
2018-07-20 17:33:22.190630	69.8	69.0	69.8	67.0	71.6	67.0	69.8	62.0	69.8	66.0	0	0	0	0	1	1
2018-07-20 17:33:29.822732	69.8	69.0	69.8	67.0	71.6	67.0	69.8	62.0	69.8	66.0	0	0	0	0	1	1
2018-07-20 17:33:38.464557	69.8	69.0	69.8	67.0	71.6	67.0	69.8	62.0	69.8	66.0	0	0	0	1	1	1
2018-07-20 17:33:47.105197	69.8	69.0	69.8	67.0	71.6	67.0	69.8	62.0	71.6	67.0	0	0	0	1	1	1
2018-07-20 17:33:55.746052	69.8	69.0	69.8	67.0	71.6	67.0	69.8	62.0	71.6	67.0	0	0	0	1	1	1
2018-07-20 17:34:04.386568	69.8	69.0	69.8	67.0	71.6	67.0	69.8	62.0	71.6	66.0	0	0	0	1	1	1
2018-07-20 17:34:12.019100	69.8	69.0	69.8	67.0	71.6	67.0	69.8	62.0	71.6	67.0	0	0	0	1	1	1
2018-07-20 17:34:20.660628	69.8	69.0	69.8	67.0	71.6	67.0	69.8	62.0	69.8	65.0	0	0	0	0	1	1
2018-07-20 17:34:29.302617	69.8	69.0	69.8	67.0	71.6	67.0	69.8	62.0	69.8	65.0	0	0	0	0	1	1
2018-07-20 17:34:42.998698	69.8	69.0	69.8	67.0	71.6	67.0	69.8	62.0	71.6	66.0	1	0	0	0	1	1
2018-07-20 17:34:51.639571	69.8	69.0	69.8	67.0	71.6	67.0	69.8	62.0	71.6	66.0	1	0	0	1	1	1
2018-07-20 17:35:05.335664	69.8	75.0	69.8	67.0	71.6	67.0	69.8	62.0	71.6	66.0	1	0	0	0	1	1
2018-07-20 17:35:13.977416	69.8	75.0	69.8	67.0	71.6	67.0	69.8	62.0	71.6	67.0	1	0	0	0	1	1
2018-07-20 17:35:22.621503	69.8	69.0	69.8	67.0	71.6	67.0	69.8	62.0	69.8	66.0	1	0	0	0	1	1
2018-07-20 17:35:32.780939	69.8	69.0	69.8	67.0	71.6	67.0	69.8	62.0	71.6	68.0	1	0	0	0	1	1
2018-07-20 17:35:42.945625	69.8	69.0	69.8	67.0	71.6	67.0	69.8	62.0	71.6	68.0	1	0	0	0	1	1
2018-07-20 17:35:54.114251	69.8	69.0	69.8	67.0	71.6	67.0	69.8	63.0	71.6	67.0	1	0	0	0	1	1
2018-07-20 17:36:05.282458	69.8	69.0	69.8	67.0	71.6	67.0	69.8	63.0	71.6	67.0	1	0	1	0	1	1
2018-07-20 17:36:16.450820	69.8	69.0	69.8	67.0	71.6	67.0	69.8	63.0	71.6	67.0	1	0	1	0	1	1
2018-07-20 17:36:24.083515	69.8	69.0	69.8	67.0	71.6	67.0	69.8	63.0	71.6	67.0	1	0	1	0	1	1
2018-07-20 17:36:40.311835	69.8	69.0	69.8	67.0	71.6	67.0	69.8	63.0	71.6	67.0	1	0	1	1	1	1
2018-07-20 17:36:56.538351	69.8	69.0	69.8	67.0	71.6	67.0	69.8	63.0	71.6	66.0	1	0	1	1	1	1
2018-07-20 17:37:15.293135	69.8	75.0	69.8	67.0	71.6	69.0	69.8	63.0	71.6	66.0	1	0	0	1	1	1
2018-07-20 17:37:23.934329	69.8	75.0	69.8	67.0	71.6	67.0	69.8	63.0	71.6	66.0	1	0	0	1	1	1
2018-07-20 17:37:31.563864	69.8	69.0	69.8	67.0	71.6	67.0	69.8	63.0	71.6	66.0	1	0	0	1	1	1
2018-07-20 17:37:40.204924	69.8	69.0	69.8	67.0	71.6	67.0	69.8	63.0	71.6	66.0	1	0	1	1	1	1
2018-07-20 17:37:51.373812	69.8	69.0	69.8	67.0	71.6	67.0	69.8	63.0	71.6	66.0	1	0	1	0	1	1
2018-07-20 17:38:02.542247	69.8	69.0	69.8	67.0	71.6	69.0	69.8	62.0	71.6	66.0	1	0	1	0	1	1
2018-07-20 17:38:11.182853	69.8	69.0	69.8	67.0	71.6	67.0	69.8	62.0	71.6	66.0	1	0	1	0	1	1
2018-07-20 17:38:27.408098	69.8	69.0	69.8	68.0	-1	-1	69.8	63.0	71.6	66.0	1	1	1	0	1	1
2018-07-20 17:38:36.049459	69.8	69.0	69.8	67.0	71.6	69.0	69.8	63.0	71.6	66.0	0	1	1	0	1	1
2018-07-20 17:38:44.690049	69.8	69.0	69.8	68.0	71.6	67.0	69.8	63.0	71.6	66.0	0	0	1	0	1	1
2018-07-20 17:38:53.332095	69.8	69.0	69.8	67.0	71.6	67.0	69.8	63.0	71.6	66.0	0	0	0	0	1	1
2018-07-20 17:39:01.973012	69.8	69.0	69.8	67.0	71.6	67.0	69.8	62.0	71.6	66.0	1	0	0	0	1	1
2018-07-20 17:39:13.141059	69.8	69.0	69.8	67.0	71.6	67.0	69.8	62.0	71.6	66.0	1	0	1	0	1	1
2018-07-20 17:39:21.781733	69.8	69.0	69.8	67.0	71.6	67.0	69.8	63.0	71.6	66.0	1	0	1	0	1	1
2018-07-20 17:39:29.414122	69.8	69.0	69.8	67.0	71.6	67.0	69.8	62.0	71.6	66.0	1	0	1	0	0	1
2018-07-20 17:39:38.055677	69.8	69.0	69.8	67.0	71.6	67.0	69.8	62.0	71.6	66.0	1	1	1	0	0	1
2018-07-20 17:39:49.225130	69.8	69.0	69.8	67.0	71.6	67.0	69.8	62.0	71.6	66.0	1	1	1	1	0	1
2018-07-20 17:40:02.921709	69.8	69.0	69.8	68.0	71.6	67.0	69.8	62.0	71.6	66.0	0	1	1	1	0	1
2018-07-20 17:40:11.563294	69.8	69.0	69.8	68.0	71.6	69.0	69.8	63.0	71.6	66.0	1	1	1	1	0	1
2018-07-20 17:40:20.204343	69.8	69.0	69.8	68.0	71.6	67.0	69.8	62.0	71.6	67.0	0	1	1	1	0	1
2018-07-20 17:40:31.376642	69.8	69.0	69.8	68.0	71.6	67.0	69.8	62.0	71.6	67.0	0	1	1	1	0	1
2018-07-20 17:40:42.545839	69.8	69.0	69.8	68.0	71.6	67.0	69.8	62.0	71.6	67.0	0	1	1	1	0	1
2018-07-20 17:40:53.716790	69.8	75.0	68.0	67.0	71.6	67.0	69.8	62.0	71.6	67.0	0	1	1	1	0	1
2018-07-20 17:41:04.885300	69.8	70.0	69.8	68.0	71.6	67.0	69.8	62.0	71.6	67.0	0	1	1	1	0	1
2018-07-20 17:41:16.054217	69.8	75.0	69.8	68.0	71.6	67.0	69.8	62.0	71.6	67.0	0	1	1	1	0	1
2018-07-20 17:41:32.280192	69.8	69.0	69.8	68.0	71.6	69.0	69.8	62.0	71.6	67.0	0	1	0	1	0	1
2018-07-20 17:41:40.921759	69.8	69.0	69.8	68.0	71.6	67.0	69.8	62.0	71.6	67.0	0	0	0	1	0	1
2018-07-20 17:41:48.554481	69.8	69.0	69.8	68.0	71.6	67.0	69.8	62.0	71.6	67.0	0	0	0	1	0	0
2018-07-20 17:41:57.195815	69.8	69.0	69.8	68.0	71.6	67.0	69.8	62.0	71.6	67.0	0	1	0	1	0	0
2018-07-20 17:42:05.835548	69.8	69.0	69.8	68.0	71.6	67.0	69.8	62.0	71.6	67.0	0	1	1	1	0	0
2018-07-20 17:42:15.996040	69.8	70.0	69.8	68.0	71.6	67.0	69.8	62.0	71.6	67.0	0	1	1	1	0	0
2018-07-20 17:42:26.160402	69.8	75.0	69.8	68.0	71.6	67.0	69.8	63.0	71.6	67.0	0	1	1	1	1	0
2018-07-20 17:42:34.802463	69.8	70.0	69.8	68.0	71.6	69.0	69.8	62.0	71.6	67.0	0	1	0	1	1	0
2018-07-20 17:42:42.435387	69.8	69.0	69.8	68.0	71.6	67.0	69.8	62.0	71.6	67.0	0	1	0	1	1	0
2018-07-20 17:42:51.077281	69.8	70.0	69.8	68.0	71.6	67.0	69.8	62.0	71.6	67.0	0	1	0	1	1	0
2018-07-20 17:42:58.710125	69.8	69.0	69.8	68.0	71.6	67.0	69.8	62.0	71.6	67.0	0	1	0	1	1	0
2018-07-20 17:43:07.352042	69.8	69.0	69.8	68.0	71.6	67.0	69.8	62.0	71.6	67.0	0	1	0	1	1	0
2018-07-20 17:43:14.984725	69.8	69.0	69.8	68.0	71.6	67.0	69.8	62.0	71.6	67.0	0	1	0	1	1	0
2018-07-20 17:43:23.626891	69.8	69.0	69.8	68.0	71.6	67.0	69.8	62.0	71.6	67.0	0	0	0	1	1	0
2018-07-20 17:43:44.919694	69.8	69.0	69.8	68.0	71.6	69.0	69.8	63.0	71.6	67.0	1	0	0	1	1	0
2018-07-20 17:43:52.552163	69.8	75.0	69.8	68.0	71.6	69.0	69.8	62.0	69.8	66.0	1	0	0	1	1	0
2018-07-20 17:44:03.721278	69.8	69.0	69.8	68.0	71.6	67.0	69.8	62.0	69.8	66.0	0	0	0	1	1	0
2018-07-20 17:44:14.890375	69.8	75.0	69.8	68.0	71.6	67.0	69.8	62.0	69.8	66.0	0	0	0	1	1	0
2018-07-20 17:44:23.532620	69.8	69.0	69.8	68.0	71.6	67.0	69.8	62.0	71.6	67.0	0	0	0	1	1	0
2018-07-20 17:44:32.173567	69.8	69.0	69.8	67.0	71.6	67.0	69.8	62.0	69.8	66.0	0	0	0	1	1	0
2018-07-20 17:44:40.816973	69.8	69.0	69.8	67.0	71.6	67.0	69.8	62.0	71.6	67.0	0	0	0	0	1	0
2018-07-20 17:45:02.097842	69.8	69.0	69.8	67.0	71.6	67.0	69.8	62.0	71.6	67.0	0	0	1	0	1	0
2018-07-20 17:45:18.323680	69.8	75.0	69.8	67.0	71.6	67.0	69.8	63.0	71.6	67.0	0	0	1	0	1	0
2018-07-20 17:45:26.964735	69.8	75.0	69.8	67.0	71.6	69.0	69.8	62.0	69.8	66.0	0	0	1	0	1	0
2018-07-20 17:45:34.596924	69.8	69.0	69.8	67.0	71.6	67.0	69.8	62.0	69.8	66.0	0	0	1	0	1	0
2018-07-20 17:45:45.765072	69.8	69.0	69.8	67.0	71.6	67.0	69.8	62.0	71.6	67.0	0	0	1	0	1	0
2018-07-20 17:45:56.933510	69.8	69.0	69.8	67.0	71.6	67.0	69.8	62.0	71.6	67.0	0	1	1	0	1	0
2018-07-20 17:46:05.574373	69.8	69.0	69.8	67.0	71.6	67.0	69.8	62.0	69.8	66.0	0	0	1	0	1	0
2018-07-20 17:46:14.215650	69.8	69.0	69.8	67.0	71.6	67.0	69.8	62.0	69.8	66.0	0	0	1	1	1	0
2018-07-20 17:46:25.388006	69.8	69.0	69.8	67.0	71.6	67.0	69.8	62.0	71.6	67.0	1	0	1	1	1	0
2018-07-20 17:46:34.030776	69.8	69.0	69.8	67.0	71.6	67.0	69.8	62.0	71.6	67.0	1	1	1	1	1	0
2018-07-20 17:46:42.672350	69.8	69.0	69.8	67.0	71.6	67.0	69.8	62.0	71.6	67.0	0	1	1	1	1	0
2018-07-20 17:46:51.313355	69.8	69.0	69.8	67.0	71.6	67.0	69.8	62.0	71.6	67.0	1	1	1	1	1	0
2018-07-20 17:46:59.954765	69.8	69.0	69.8	67.0	71.6	67.0	69.8	62.0	71.6	67.0	1	1	1	1	1	0
2018-07-20 17:47:11.123925	69.8	69.0	69.8	67.0	71.6	67.0	69.8	62.0	71.6	67.0	1	1	1	1	1	0
2018-07-20 17:47:24.821174	69.8	69.0	69.8	67.0	71.6	67.0	69.8	63.0	71.6	67.0	1	1	1	1	1	0
2018-07-20 17:47:33.463353	69.8	69.0	69.8	67.0	71.6	67.0	69.8	63.0	71.6	67.0	1	1	1	0	1	0
2018-07-20 17:47:47.160007	69.8	69.0	69.8	67.0	71.6	67.0	69.8	62.0	69.8	66.0	0	1	1	0	1	0
2018-07-20 17:47:58.328736	69.8	69.0	69.8	67.0	71.6	67.0	69.8	63.0	71.6	67.0	1	1	1	0	1	0
2018-07-20 17:48:08.485543	69.8	69.0	69.8	67.0	71.6	67.0	69.8	62.0	71.6	67.0	1	1	1	0	1	1
2018-07-20 17:48:19.655413	69.8	75.0	69.8	67.0	71.6	67.0	69.8	62.0	71.6	67.0	1	1	1	0	1	1
2018-07-20 17:48:30.825008	69.8	69.0	69.8	67.0	71.6	67.0	69.8	63.0	69.8	66.0	1	1	1	0	1	1
2018-07-20 17:48:41.995047	69.8	74.0	69.8	67.0	71.6	67.0	69.8	62.0	69.8	66.0	0	1	1	0	1	1
2018-07-20 17:48:50.636175	69.8	69.0	69.8	67.0	71.6	67.0	69.8	63.0	69.8	66.0	0	1	0	0	1	1
2018-07-20 17:49:04.336046	69.8	69.0	69.8	67.0	71.6	69.0	69.8	62.0	69.8	66.0	0	1	0	0	1	1
2018-07-20 17:49:15.504486	69.8	69.0	69.8	67.0	71.6	69.0	69.8	62.0	71.6	67.0	1	1	0	0	1	1
2018-07-20 17:49:26.673523	69.8	69.0	69.8	67.0	71.6	67.0	69.8	62.0	69.8	66.0	1	1	0	1	1	1
2018-07-20 17:49:37.841758	69.8	69.0	69.8	67.0	71.6	67.0	69.8	62.0	71.6	67.0	1	1	0	1	1	1
2018-07-20 17:49:45.474226	69.8	69.0	69.8	67.0	71.6	67.0	69.8	62.0	69.8	66.0	1	1	0	1	1	1
2018-07-20 17:49:55.634209	69.8	69.0	69.8	67.0	71.6	67.0	69.8	62.0	69.8	66.0	1	1	0	1	0	1
2018-07-20 17:50:09.335256	69.8	69.0	69.8	67.0	71.6	67.0	69.8	62.0	69.8	66.0	1	1	0	1	0	1
2018-07-20 17:50:20.504110	69.8	69.0	69.8	67.0	71.6	69.0	69.8	62.0	69.8	66.0	1	1	0	1	0	1
2018-07-20 17:50:29.145699	69.8	69.0	69.8	67.0	71.6	67.0	69.8	62.0	69.8	66.0	0	1	0	1	0	1
2018-07-20 17:50:37.786947	69.8	69.0	69.8	67.0	71.6	67.0	69.8	62.0	71.6	67.0	0	0	0	1	0	1
2018-07-20 17:50:48.955749	69.8	69.0	69.8	67.0	71.6	67.0	69.8	62.0	69.8	66.0	0	0	0	1	0	1
2018-07-20 17:50:57.597951	69.8	69.0	69.8	67.0	71.6	69.0	69.8	62.0	69.8	66.0	0	1	0	1	0	1
2018-07-20 17:51:06.239962	69.8	69.0	69.8	67.0	71.6	67.0	69.8	62.0	69.8	66.0	0	1	0	1	0	1
2018-07-20 17:51:13.872658	69.8	69.0	69.8	67.0	71.6	67.0	69.8	62.0	69.8	66.0	0	1	0	1	0	0
2018-07-20 17:51:22.514805	69.8	70.0	69.8	67.0	71.6	67.0	69.8	62.0	69.8	66.0	0	1	0	1	0	0
2018-07-20 17:51:33.686238	69.8	69.0	69.8	67.0	71.6	67.0	69.8	62.0	69.8	66.0	0	1	0	1	0	0
2018-07-20 17:51:44.855225	69.8	69.0	69.8	67.0	71.6	69.0	69.8	62.0	69.8	66.0	0	0	0	1	0	0
2018-07-20 17:51:53.496338	69.8	69.0	69.8	67.0	71.6	67.0	69.8	62.0	69.8	66.0	0	0	0	0	0	0
2018-07-20 17:52:14.774523	69.8	69.0	69.8	67.0	71.6	67.0	69.8	63.0	69.8	66.0	1	0	0	0	0	0
2018-07-20 17:52:22.407426	69.8	69.0	69.8	67.0	71.6	69.0	69.8	63.0	69.8	66.0	1	0	0	0	0	0
2018-07-20 17:52:30.039666	69.8	69.0	69.8	67.0	71.6	67.0	69.8	62.0	71.6	67.0	1	0	0	0	0	1
2018-07-20 17:52:43.737242	69.8	70.0	69.8	67.0	71.6	69.0	69.8	62.0	69.8	66.0	1	0	0	0	0	1
2018-07-20 17:52:52.379314	69.8	69.0	69.8	67.0	71.6	69.0	69.8	62.0	69.8	66.0	1	0	0	0	0	1
2018-07-20 17:53:01.021234	69.8	70.0	69.8	67.0	71.6	67.0	69.8	62.0	69.8	66.0	0	0	0	0	0	1
2018-07-20 17:53:09.661736	69.8	70.0	69.8	67.0	71.6	67.0	69.8	62.0	69.8	66.0	0	0	1	0	0	1
2018-07-20 17:53:18.302599	69.8	70.0	69.8	67.0	71.6	67.0	69.8	63.0	69.8	66.0	0	0	1	0	0	1
2018-07-20 17:53:30.993924	69.8	70.0	69.8	67.0	71.6	67.0	69.8	63.0	69.8	66.0	0	0	1	0	1	1
2018-07-20 17:53:41.154038	69.8	70.0	69.8	67.0	71.6	67.0	69.8	63.0	69.8	66.0	0	0	1	0	1	1
2018-07-20 17:53:51.314055	69.8	69.0	69.8	67.0	71.6	67.0	69.8	63.0	69.8	66.0	0	0	1	0	1	1
2018-07-20 17:54:02.482325	69.8	70.0	69.8	67.0	71.6	68.0	69.8	62.0	69.8	67.0	1	0	1	0	1	1
2018-07-20 17:54:13.649803	69.8	70.0	68.0	67.0	71.6	67.0	69.8	63.0	69.8	66.0	1	0	1	1	1	1
2018-07-20 17:54:27.346335	69.8	70.0	68.0	67.0	71.6	67.0	69.8	63.0	69.8	66.0	0	0	1	1	1	1
2018-07-20 17:54:43.572848	69.8	76.0	68.0	67.0	71.6	69.0	69.8	63.0	69.8	67.0	0	0	1	1	1	1
2018-07-20 17:54:52.211977	69.8	70.0	68.0	67.0	71.6	69.0	69.8	62.0	69.8	67.0	0	0	1	1	1	1
2018-07-20 17:55:07.429609	69.8	70.0	68.0	67.0	71.6	67.0	69.8	63.0	69.8	67.0	0	0	1	1	1	1
2018-07-20 17:55:21.128549	69.8	70.0	68.0	67.0	71.6	67.0	69.8	63.0	69.8	67.0	0	1	1	1	1	1
2018-07-20 17:55:32.297233	69.8	70.0	68.0	67.0	71.6	69.0	69.8	63.0	69.8	66.0	0	1	1	1	1	1
2018-07-20 17:55:40.938703	69.8	76.0	68.0	67.0	71.6	68.0	69.8	62.0	69.8	66.0	0	1	1	0	1	1
2018-07-20 17:55:49.580104	69.8	70.0	68.0	67.0	71.6	68.0	69.8	63.0	69.8	66.0	0	1	1	0	1	1
2018-07-20 17:56:00.749322	69.8	70.0	68.0	67.0	71.6	68.0	69.8	62.0	69.8	66.0	0	1	1	0	1	1
2018-07-20 17:56:09.390724	69.8	70.0	68.0	67.0	71.6	68.0	69.8	62.0	69.8	66.0	0	1	0	0	1	1
2018-07-20 17:56:17.023291	69.8	70.0	68.0	67.0	71.6	68.0	69.8	63.0	69.8	66.0	0	1	0	0	1	1
2018-07-20 17:56:25.664971	69.8	70.0	68.0	67.0	71.6	68.0	69.8	63.0	69.8	66.0	0	1	0	1	1	1
2018-07-20 17:56:33.297490	69.8	70.0	68.0	67.0	71.6	68.0	69.8	63.0	69.8	67.0	0	1	0	1	1	1
2018-07-20 17:56:40.930112	69.8	70.0	68.0	67.0	71.6	68.0	69.8	63.0	69.8	66.0	0	1	0	1	1	1
2018-07-20 17:56:48.562872	69.8	70.0	68.0	67.0	71.6	68.0	69.8	63.0	69.8	66.0	0	1	0	1	1	1
2018-07-20 17:56:57.205070	69.8	70.0	68.0	67.0	71.6	68.0	69.8	63.0	69.8	66.0	0	1	0	1	1	1
2018-07-20 17:57:05.846873	69.8	70.0	68.0	67.0	71.6	68.0	69.8	63.0	69.8	67.0	0	1	1	1	1	1
2018-07-20 17:57:14.489130	69.8	70.0	68.0	67.0	71.6	68.0	69.8	63.0	69.8	66.0	0	1	1	1	1	1
2018-07-20 17:57:22.121983	69.8	70.0	68.0	67.0	71.6	68.0	69.8	63.0	69.8	66.0	0	1	1	1	1	0
2018-07-20 17:57:30.764270	69.8	70.0	68.0	67.0	71.6	68.0	69.8	63.0	69.8	66.0	0	1	1	1	1	0
2018-07-20 17:57:39.407136	69.8	70.0	69.8	68.0	71.6	68.0	69.8	63.0	69.8	66.0	0	1	1	1	1	0
2018-07-20 17:57:50.574842	69.8	70.0	69.8	68.0	71.6	68.0	69.8	63.0	69.8	66.0	0	1	1	1	1	0
2018-07-20 17:57:59.216526	69.8	70.0	69.8	68.0	71.6	69.0	69.8	63.0	69.8	66.0	0	0	1	1	1	0
2018-07-20 17:58:07.858233	69.8	70.0	69.8	68.0	71.6	68.0	69.8	63.0	69.8	66.0	0	0	1	1	1	0
2018-07-20 17:58:16.499482	69.8	70.0	69.8	68.0	71.6	68.0	69.8	63.0	69.8	66.0	0	0	1	1	1	0
2018-07-20 17:58:25.141082	69.8	70.0	69.8	68.0	71.6	68.0	69.8	63.0	69.8	66.0	1	0	1	1	1	0
2018-07-20 17:58:33.781898	69.8	70.0	69.8	68.0	71.6	68.0	69.8	63.0	69.8	66.0	1	1	1	1	1	0
2018-07-20 17:58:42.423701	69.8	70.0	69.8	68.0	71.6	68.0	69.8	63.0	69.8	66.0	1	1	1	1	1	0
2018-07-20 17:58:52.583766	69.8	70.0	69.8	68.0	71.6	68.0	69.8	63.0	69.8	66.0	1	1	1	1	1	1
2018-07-20 17:59:02.743416	69.8	70.0	69.8	68.0	71.6	68.0	69.8	63.0	69.8	66.0	1	1	1	1	1	1
2018-07-20 17:59:10.375873	69.8	70.0	69.8	68.0	71.6	68.0	69.8	63.0	69.8	66.0	1	1	1	1	1	1
2018-07-20 17:59:20.536130	69.8	70.0	69.8	67.0	71.6	68.0	69.8	63.0	69.8	66.0	1	1	1	1	0	1
2018-07-20 17:59:29.177132	69.8	70.0	69.8	67.0	71.6	69.0	69.8	63.0	69.8	66.0	0	1	1	1	0	1
2018-07-20 17:59:36.809740	69.8	69.0	69.8	68.0	71.6	68.0	69.8	63.0	69.8	66.0	0	1	1	1	0	0
2018-07-20 17:59:45.450918	69.8	70.0	69.8	67.0	71.6	68.0	69.8	63.0	69.8	66.0	0	1	1	1	0	0
2018-07-20 17:59:56.619722	69.8	69.0	69.8	67.0	71.6	68.0	69.8	63.0	69.8	66.0	0	1	1	1	0	0
2018-07-20 18:00:07.787500	69.8	69.0	69.8	67.0	71.6	68.0	69.8	63.0	69.8	66.0	0	1	1	0	0	0
2018-07-20 18:00:16.428026	69.8	75.0	69.8	68.0	71.6	68.0	69.8	63.0	69.8	66.0	1	1	1	0	0	0
2018-07-20 18:00:25.069085	69.8	69.0	69.8	68.0	71.6	68.0	69.8	63.0	69.8	66.0	1	1	1	0	0	0
2018-07-20 18:00:32.701382	69.8	69.0	69.8	67.0	71.6	68.0	69.8	63.0	69.8	66.0	1	1	1	0	0	1
2018-07-20 18:00:41.342072	69.8	70.0	69.8	68.0	71.6	67.0	69.8	63.0	69.8	66.0	1	0	1	0	0	1
2018-07-20 18:00:48.974488	69.8	69.0	69.8	67.0	71.6	67.0	69.8	63.0	71.6	67.0	1	0	1	0	0	1
2018-07-20 18:00:57.616328	69.8	69.0	69.8	67.0	71.6	67.0	69.8	63.0	69.8	66.0	1	1	1	0	0	1
2018-07-20 18:01:08.784994	69.8	69.0	69.8	67.0	71.6	67.0	69.8	63.0	69.8	66.0	1	1	0	0	0	1
2018-07-20 18:01:17.426537	69.8	69.0	69.8	67.0	71.6	68.0	69.8	63.0	69.8	66.0	1	1	0	0	0	1
2018-07-25 20:01:55.534999	71.6	57.0	69.8	52.0	71.6	55.0	69.8	51.0	71.6	55.0	0	0	0	0	1	0
2018-07-25 20:02:04.181595	71.6	57.0	69.8	52.0	71.6	55.0	71.6	52.0	71.6	55.0	0	0	1	0	1	0
2018-07-25 20:02:12.823279	71.6	56.0	71.6	53.0	71.6	55.0	71.6	52.0	71.6	54.0	0	0	0	0	1	0
2018-07-25 20:02:21.465054	71.6	56.0	71.6	53.0	71.6	55.0	71.6	52.0	71.6	55.0	1	0	0	0	1	0
2018-07-25 20:02:32.637925	71.6	57.0	71.6	54.0	73.4	56.0	71.6	52.0	71.6	54.0	1	0	0	0	1	0
2018-07-25 20:02:45.326364	73.4	57.0	71.6	54.0	73.4	56.0	71.6	52.0	71.6	53.0	1	0	0	0	1	1
2018-07-25 20:02:56.495975	73.4	56.0	71.6	55.0	73.4	57.0	71.6	53.0	73.4	53.0	1	1	0	0	1	1
2018-07-25 20:03:10.193772	73.4	56.0	73.4	54.0	73.4	58.0	73.4	53.0	73.4	52.0	1	1	1	0	1	1
2018-07-25 20:03:21.363843	73.4	60.0	73.4	52.0	75.2	57.0	73.4	53.0	73.4	52.0	1	1	1	0	1	1
2018-07-25 20:03:35.062049	75.2	53.0	73.4	50.0	75.2	58.0	73.4	54.0	73.4	52.0	1	1	1	0	1	1
2018-07-25 20:03:43.704605	75.2	57.0	73.4	49.0	75.2	57.0	73.4	54.0	73.4	52.0	0	1	1	0	1	1
2018-07-25 20:03:52.347095	75.2	53.0	73.4	49.0	75.2	56.0	73.4	53.0	73.4	52.0	0	1	0	0	1	1
2018-07-25 20:04:00.989527	75.2	52.0	73.4	49.0	75.2	56.0	73.4	53.0	73.4	51.0	0	1	0	1	1	1
2018-07-25 20:04:17.213845	75.2	51.0	73.4	49.0	77.0	54.0	73.4	53.0	73.4	51.0	0	1	1	1	1	1
2018-07-25 20:04:24.847101	75.2	51.0	73.4	49.0	77.0	54.0	75.2	52.0	73.4	52.0	0	1	1	1	1	1
2018-07-25 20:04:36.018130	75.2	50.0	-1	-1	77.0	52.0	75.2	52.0	73.4	51.0	0	1	1	1	1	1
2018-07-25 20:04:44.659987	75.2	53.0	73.4	49.0	77.0	51.0	75.2	52.0	73.4	50.0	0	1	1	1	1	1
2018-07-25 20:04:53.301805	75.2	50.0	73.4	48.0	77.0	50.0	75.2	52.0	73.4	50.0	0	1	1	1	1	1
2018-07-25 20:05:00.934555	77.0	50.0	75.2	48.0	77.0	50.0	75.2	52.0	75.2	50.0	0	1	1	1	1	1
2018-07-25 20:05:09.575828	77.0	50.0	75.2	48.0	77.0	49.0	77.0	51.0	75.2	49.0	1	1	1	1	1	1
2018-07-25 20:05:17.208957	77.0	49.0	75.2	47.0	77.0	49.0	77.0	51.0	75.2	50.0	1	1	1	1	1	1
2018-07-25 20:05:24.841907	77.0	49.0	75.2	47.0	77.0	48.0	77.0	51.0	75.2	49.0	1	1	1	1	1	0
2018-07-25 20:05:38.538434	77.0	49.0	75.2	47.0	77.0	48.0	77.0	50.0	75.2	49.0	0	1	1	1	1	0
2018-07-25 20:05:49.709400	77.0	49.0	75.2	47.0	77.0	49.0	77.0	50.0	75.2	48.0	0	1	1	1	1	0
2018-07-25 20:05:58.352559	77.0	49.0	75.2	47.0	78.8	49.0	77.0	50.0	75.2	48.0	0	1	1	0	1	0
2018-07-25 20:06:05.985222	77.0	49.0	75.2	47.0	78.8	49.0	77.0	50.0	75.2	48.0	0	1	1	0	1	1
2018-07-25 20:06:14.627310	77.0	49.0	75.2	47.0	78.8	49.0	78.8	51.0	75.2	48.0	1	1	1	0	1	1
2018-07-25 20:06:24.788143	77.0	49.0	75.2	46.0	78.8	50.0	78.8	50.0	75.2	48.0	1	1	1	0	1	0
2018-07-25 20:06:35.958171	77.0	48.0	75.2	46.0	78.8	50.0	78.8	50.0	75.2	48.0	1	1	1	0	1	0
2018-07-25 20:06:43.591353	78.8	48.0	75.2	46.0	78.8	51.0	78.8	50.0	75.2	47.0	1	1	1	0	1	1
2018-07-25 20:06:57.289068	78.8	48.0	75.2	45.0	78.8	50.0	78.8	50.0	75.2	47.0	1	0	1	0	1	1
2018-07-25 20:07:04.921826	78.8	48.0	75.2	45.0	78.8	51.0	78.8	50.0	75.2	47.0	1	0	1	0	1	0
2018-07-25 20:07:13.564335	78.8	47.0	75.2	45.0	78.8	51.0	78.8	49.0	75.2	47.0	0	0	1	0	1	0
2018-07-25 20:07:22.206853	78.8	47.0	75.2	45.0	80.6	50.0	78.8	49.0	75.2	47.0	1	0	1	0	1	0
2018-07-25 20:07:38.432594	78.8	49.0	75.2	46.0	80.6	50.0	80.6	49.0	75.2	47.0	1	0	1	0	1	0
2018-07-25 20:07:46.066209	78.8	49.0	75.2	46.0	80.6	50.0	80.6	49.0	75.2	46.0	1	0	1	0	1	0
2018-07-25 20:07:57.237632	78.8	47.0	77.0	46.0	80.6	50.0	80.6	49.0	75.2	46.0	1	0	1	0	1	0
2018-07-25 20:08:08.407629	78.8	49.0	77.0	46.0	80.6	50.0	80.6	48.0	75.2	46.0	1	0	1	0	1	0
2018-07-25 20:08:16.043535	78.8	48.0	77.0	46.0	80.6	50.0	80.6	48.0	75.2	46.0	1	0	1	0	1	0
2018-07-25 20:08:29.742456	78.8	48.0	77.0	46.0	80.6	49.0	80.6	48.0	77.0	46.0	1	0	1	0	1	0
2018-07-25 20:08:37.378886	78.8	48.0	77.0	45.0	80.6	49.0	80.6	48.0	77.0	46.0	1	0	1	0	1	0
2018-07-25 20:08:48.548103	80.6	47.0	77.0	44.0	80.6	49.0	80.6	48.0	77.0	46.0	1	0	1	0	1	0
2018-07-25 20:09:02.246279	80.6	47.0	77.0	44.0	82.4	49.0	80.6	48.0	77.0	46.0	0	0	1	0	1	0
2018-07-25 20:09:17.465481	80.6	48.0	78.8	45.0	82.4	49.0	80.6	47.0	77.0	46.0	0	0	1	0	1	0
2018-07-25 20:26:18.979167	80.6	47.0	78.8	43.0	82.4	49.0	82.4	48.0	77.0	46.0	2018-07-25 20:27:18.835408	78.8	45.0	75.2	44.0	84.2	36.0	84.2	36.0	75.2	46.0	0	0	0	0	1	0
2018-07-25 20:27:32.541245	77.0	44.0	75.2	44.0	82.4	36.0	82.4	35.0	75.2	48.0	0	1	0	0	1	0
2018-07-25 20:27:41.185161	77.0	46.0	75.2	44.0	82.4	36.0	82.4	35.0	75.2	48.0	0	1	0	1	1	0
2018-07-25 20:28:53.361980	77.0	44.0	75.2	44.0	80.6	38.0	82.4	35.0	73.4	49.0	0	0	0	0	0	0
2018-07-25 20:30:17.160156	77.0	45.0	75.2	44.0	78.8	38.0	80.6	35.0	73.4	50.0	0	0	0	0	0	0
2018-07-25 20:30:27.321577	77.0	46.0	73.4	45.0	78.8	38.0	78.8	37.0	73.4	50.0	0	0	0	0	1	0
2018-07-25 20:30:38.491994	77.0	46.0	73.4	45.0	-1	-1	78.8	37.0	73.4	50.0	0	0	0	1	1	0
2018-07-25 20:33:41.937097	77.0	46.0	75.2	45.0	78.8	40.0	78.8	37.0	73.4	50.0	0	0	1	0	0	0
2018-07-25 20:33:52.101953	75.2	48.0	73.4	44.0	77.0	40.0	77.0	38.0	73.4	51.0	0	0	1	0	0	0
2018-07-25 20:34:05.809349	75.2	48.0	73.4	44.0	77.0	40.0	77.0	38.0	73.4	51.0	0	0	1	0	0	0
2018-07-25 20:34:15.974568	75.2	48.0	73.4	44.0	77.0	41.0	77.0	38.0	73.4	51.0	0	0	1	0	0	1
2018-07-25 20:34:29.680166	75.2	48.0	73.4	46.0	77.0	40.0	77.0	38.0	73.4	51.0	0	0	0	0	0	1
2018-07-25 20:34:39.840203	75.2	48.0	73.4	46.0	77.0	41.0	77.0	38.0	73.4	51.0	0	0	0	0	1	1
2018-07-25 20:34:47.473616	75.2	48.0	73.4	46.0	77.0	41.0	77.0	38.0	73.4	51.0	0	0	0	0	1	1
2018-08-06 14:10:46.965419	75.2	49.0	73.4	46.0	77.0	41.0	71.6	37.0	71.6	43.0	0	0	0	0	0	0
2018-08-06 14:10:57.126185	73.4	44.0	71.6	40.0	71.6	40.0	71.6	37.0	71.6	43.0	0	0	0	0	0	1
2018-08-06 14:11:05.767628	71.6	44.0	71.6	40.0	71.6	42.0	71.6	37.0	71.6	43.0	0	0	0	0	0	1
2018-08-06 14:11:13.400727	71.6	44.0	71.6	40.0	71.6	40.0	71.6	37.0	71.6	43.0	0	0	0	0	0	1
2018-08-06 14:11:22.042672	71.6	44.0	71.6	40.0	71.6	40.0	71.6	37.0	71.6	43.0	0	0	1	0	0	1
2018-08-06 14:11:29.675614	73.4	44.0	71.6	40.0	71.6	40.0	71.6	37.0	-1	-1	0	0	1	0	0	1
2018-08-06 14:11:50.968729	71.6	44.0	71.6	40.0	71.6	41.0	71.6	37.0	71.6	43.0	1	0	1	0	0	1
2018-08-06 14:12:01.130039	71.6	49.0	71.6	41.0	71.6	41.0	71.6	37.0	71.6	43.0	1	0	1	0	0	1
2018-08-06 14:12:12.300359	73.4	45.0	71.6	41.0	71.6	41.0	71.6	37.0	71.6	43.0	1	0	1	1	0	1
2018-08-06 14:12:23.474399	73.4	45.0	71.6	41.0	71.6	41.0	71.6	38.0	71.6	43.0	1	0	1	1	0	1
2018-08-06 14:12:36.163013	73.4	45.0	71.6	41.0	71.6	41.0	71.6	37.0	71.6	43.0	1	0	1	1	0	0
2018-08-06 14:12:43.796068	71.6	45.0	71.6	41.0	71.6	42.0	-1	-1	71.6	43.0	1	0	1	1	0	1
2018-08-06 14:12:52.438854	73.4	44.0	71.6	41.0	71.6	41.0	71.6	37.0	71.6	43.0	1	0	1	1	0	1
2018-08-06 14:13:11.196022	73.4	50.0	71.6	41.0	71.6	41.0	71.6	37.0	71.6	43.0	1	1	1	1	0	1
2018-08-06 14:13:22.366434	73.4	44.0	71.6	41.0	71.6	42.0	71.6	37.0	71.6	43.0	1	1	1	1	0	1
2018-08-06 14:13:36.068904	73.4	50.0	71.6	41.0	71.6	42.0	71.6	37.0	71.6	43.0	1	1	1	1	0	1
2018-08-06 14:13:47.239275	73.4	45.0	71.6	41.0	71.6	41.0	71.6	37.0	71.6	43.0	0	1	1	1	0	1
2018-08-06 14:13:54.872275	73.4	44.0	71.6	41.0	71.6	41.0	71.6	37.0	71.6	43.0	0	1	1	1	0	0
2018-08-06 14:14:02.505725	73.4	45.0	71.6	41.0	71.6	41.0	71.6	37.0	71.6	43.0	0	1	1	1	0	0
2018-08-06 14:14:13.675879	73.4	45.0	71.6	41.0	71.6	41.0	71.6	37.0	71.6	43.0	0	1	1	0	0	0
2018-08-06 14:14:28.891976	73.4	44.0	71.6	40.0	73.4	43.0	71.6	37.0	71.6	43.0	0	1	1	0	0	1
2018-08-06 14:14:37.534575	73.4	44.0	71.6	40.0	73.4	43.0	71.6	37.0	71.6	43.0	0	1	0	0	0	1
2018-08-06 14:14:48.704362	73.4	44.0	71.6	41.0	73.4	41.0	71.6	37.0	71.6	43.0	0	1	0	1	0	1
2018-08-06 14:15:01.396256	73.4	45.0	71.6	40.0	73.4	41.0	71.6	37.0	71.6	43.0	0	1	0	1	0	1
2018-08-06 14:15:10.040952	73.4	50.0	71.6	40.0	73.4	41.0	71.6	37.0	71.6	43.0	0	1	0	1	0	1
2018-08-06 14:15:20.201585	73.4	45.0	-1	-1	73.4	41.0	71.6	37.0	71.6	43.0	0	1	0	1	0	1
2018-08-06 14:15:33.899384	73.4	45.0	71.6	40.0	71.6	41.0	71.6	37.0	71.6	43.0	0	1	0	1	0	1
2018-08-06 14:15:47.592231	73.4	50.0	71.6	40.0	73.4	41.0	71.6	37.0	71.6	43.0	0	1	0	1	0	1
2018-08-06 14:15:57.753480	73.4	45.0	71.6	40.0	73.4	43.0	71.6	37.0	71.6	43.0	0	1	0	1	0	0
2018-08-06 14:16:06.396261	73.4	45.0	71.6	40.0	71.6	41.0	71.6	37.0	71.6	43.0	0	1	0	1	0	0
2018-08-06 14:16:15.038787	73.4	45.0	71.6	40.0	73.4	41.0	71.6	37.0	71.6	43.0	0	1	0	1	0	0
2018-08-06 14:16:22.671828	73.4	44.0	-1	-1	73.4	41.0	71.6	37.0	71.6	43.0	0	1	0	1	0	1
2018-08-06 14:16:31.314318	73.4	44.0	71.6	40.0	71.6	41.0	71.6	37.0	71.6	43.0	0	1	1	1	0	1
2018-08-06 14:16:45.015701	73.4	44.0	-1	-1	73.4	41.0	71.6	37.0	71.6	43.0	0	1	1	1	0	1
2018-08-06 14:16:56.188507	73.4	50.0	71.6	40.0	73.4	41.0	71.6	37.0	-1	-1	0	1	1	1	0	1
2018-08-06 14:17:09.891313	73.4	45.0	71.6	41.0	71.6	42.0	71.6	37.0	71.6	43.0	0	1	1	0	0	1
2018-08-06 14:17:18.535772	73.4	45.0	71.6	41.0	71.6	43.0	71.6	37.0	71.6	43.0	1	1	1	0	0	1
2018-08-06 14:17:26.168793	73.4	45.0	71.6	41.0	73.4	41.0	71.6	37.0	71.6	43.0	1	1	1	0	0	0
2018-08-06 14:17:34.812834	73.4	45.0	71.6	41.0	73.4	41.0	71.6	37.0	71.6	43.0	1	1	1	1	0	0
2018-08-06 14:17:45.983429	73.4	45.0	71.6	41.0	73.4	41.0	71.6	37.0	71.6	43.0	1	1	1	0	0	0
2018-08-06 14:17:57.154664	73.4	45.0	71.6	40.0	73.4	41.0	71.6	37.0	71.6	43.0	1	1	1	1	0	0
2018-08-06 14:18:08.324766	73.4	50.0	-1	-1	73.4	41.0	71.6	37.0	71.6	43.0	1	1	1	1	0	0
2018-08-06 14:18:16.969427	73.4	45.0	71.6	40.0	73.4	41.0	71.6	38.0	71.6	43.0	1	1	1	1	0	0
2018-08-06 14:18:27.130341	73.4	44.0	71.6	40.0	71.6	41.0	71.6	37.0	71.6	43.0	1	1	1	1	0	1
2018-08-06 14:18:38.299937	73.4	44.0	71.6	40.0	73.4	41.0	71.6	37.0	71.6	43.0	1	0	1	1	0	1
2018-08-06 14:18:49.469780	73.4	45.0	71.6	41.0	73.4	41.0	71.6	37.0	71.6	43.0	1	0	1	1	0	1
2018-08-06 14:18:58.111981	73.4	45.0	71.6	41.0	73.4	41.0	71.6	37.0	71.6	43.0	1	0	1	0	0	1
2018-08-06 14:19:06.755056	73.4	45.0	71.6	41.0	73.4	41.0	71.6	37.0	71.6	44.0	1	0	1	1	0	1
2018-08-06 14:19:14.387978	73.4	45.0	71.6	41.0	73.4	41.0	71.6	37.0	71.6	43.0	1	0	1	1	0	1
2018-08-06 14:19:27.079839	73.4	45.0	71.6	41.0	73.4	41.0	71.6	37.0	71.6	43.0	1	0	1	1	1	1
2018-08-06 14:21:09.896612	73.4	45.0	71.6	41.0	73.4	41.0	71.6	37.0	71.6	43.0	0	0	0	0	1	0
2018-08-06 17:16:39.701893	73.4	46.0	71.6	42.0	73.4	44.0	71.6	41.0	71.6	43.0	0	0	1	0	0	0
2018-08-06 17:16:53.090170	73.4	46.0	71.6	42.0	73.4	44.0	71.6	41.0	73.4	45.0	0	0	0	0	1	0
2018-08-06 17:17:01.731853	73.4	46.0	71.6	42.0	73.4	44.0	71.6	41.0	73.4	45.0	0	1	0	0	1	0
2018-08-06 17:17:15.432480	73.4	46.0	71.6	42.0	73.4	44.0	73.4	41.0	73.4	44.0	0	1	1	0	1	0
2018-08-06 17:17:39.251626	73.4	46.0	73.4	42.0	73.4	46.0	73.4	41.0	73.4	44.0	1	1	1	0	1	0
2018-08-06 17:17:58.012139	75.2	45.0	73.4	41.0	73.4	46.0	73.4	42.0	75.2	42.0	1	1	1	0	1	0
2018-08-06 17:18:16.772973	75.2	47.0	73.4	41.0	75.2	45.0	73.4	42.0	75.2	42.0	0	1	1	0	1	0
2018-08-06 17:18:24.405466	75.2	47.0	75.2	40.0	75.2	46.0	75.2	43.0	75.2	41.0	0	1	1	0	1	1
2018-08-06 17:18:38.101753	77.0	44.0	75.2	40.0	75.2	45.0	75.2	43.0	75.2	41.0	0	1	1	0	1	1
2018-08-06 17:18:53.323928	77.0	46.0	75.2	40.0	75.2	46.0	75.2	43.0	75.2	41.0	0	1	1	0	1	0
2018-08-06 17:19:03.484368	77.0	43.0	75.2	40.0	75.2	45.0	75.2	43.0	75.2	40.0	0	1	1	0	1	0
2018-08-06 17:19:17.180313	77.0	42.0	75.2	39.0	75.2	45.0	75.2	42.0	75.2	40.0	0	1	1	0	1	0
2018-08-06 17:19:25.821622	77.0	42.0	75.2	38.0	75.2	46.0	77.0	42.0	77.0	40.0	0	1	1	0	1	0
