1487611959	32.037914	118.783007
1487611989	32.037914	118.783007
1487612021	32.037914	118.783007
1487612035	31.979824	118.793703
1487612051	32.037914	118.783007
1487612082	32.037914	118.783007
1487612112	32.037914	118.783007
1487612143	32.037914	118.783007
1487612174	32.037914	118.783007
1487612204	31.979824	118.793703
1487612204	32.037914	118.783007
1487612235	32.037914	118.783007
1487612249	31.979824	118.793703
1487612265	32.037914	118.783007
1487612296	32.037914	118.783007
1487612327	32.037914	118.783007
1487612357	32.037914	118.783007
1487612388	32.037914	118.783007
1487612418	32.037914	118.783007
1487612449	32.037914	118.783007
1487612452	31.979824	118.793703
1487612480	32.037914	118.783007
1487612510	32.037914	118.783007
1487612541	32.037914	118.783007
1487612571	32.037914	118.783007
1487612602	32.037914	118.783007
1487612623	31.979824	118.793703
1487612669	31.979824	118.793703
1487612708	31.979824	118.793703
1487612844	31.979824	118.793703
1487612924	31.979824	118.793703
1487613043	31.979824	118.793703
1487613107	31.979824	118.793703
1487613251	31.979824	118.793703
1487613392	31.979824	118.793703
1487613517	31.979824	118.793703
1487613675	31.979824	118.793703
1487613831	31.979824	118.793703
1487614001	31.979824	118.793703
1487614124	31.979824	118.793703
1487614140	32.012224	118.848851
1487614156	31.979804	118.793683
1487614171	32.012224	118.848851
1487614201	32.012224	118.848851
1487614232	32.012224	118.848851
1487614263	32.012224	118.848851
1487614294	32.012224	118.848851
1487614307	32.037569	118.783186
1487614325	32.012224	118.848851
1487614355	32.012224	118.848851
1487614382	31.979804	118.793683
1487614386	32.012224	118.848851
1487614416	32.012224	118.848851
1487614448	32.012224	118.848851
1487614478	32.012224	118.848851
1487614486	32.037569	118.783186
1487614509	32.012224	118.848851
1487614539	32.012224	118.848851
1487614545	31.979804	118.793683
1487614570	32.012224	118.848851
1487614599	31.979804	118.793683
1487614601	32.012224	118.848851
1487614623	32.037569	118.783186
1487614632	32.012224	118.848851
1487614662	32.012224	118.848851
1487614693	32.012224	118.848851
1487614698	31.979804	118.793683
1487614820	32.012224	118.848851
1487614836	31.979804	118.793683
1487614852	32.012224	118.848851
1487614869	32.037569	118.783186
1487614882	32.012224	118.848851
1487614904	31.979804	118.793683
1487614913	32.012224	118.848851
1487614944	32.012224	118.848851
1487614974	32.012224	118.848851
1487614984	31.979804	118.793683
1487615006	32.012224	118.848851
1487615036	32.012224	118.848851
1487615051	31.979804	118.793683
1487615067	32.012224	118.848851
1487615097	32.012224	118.848851
1487615128	32.012224	118.848851
1487615133	31.979804	118.793683
1487615161	32.037569	118.783186
1487615190	31.979804	118.793683
1487615291	31.979804	118.793683
1487615381	31.979804	118.793683
1487615406	32.037569	118.783186
1487615464	31.979804	118.793683
1487615584	31.979804	118.793683
1487615585	32.037569	118.783186
1487615656	31.979804	118.793683
1487615726	31.979804	118.793683
1487615775	32.037569	118.783186
1487615797	31.979804	118.793683
1487616018	31.979804	118.793683
1487616090	32.037569	118.783186
1487616262	31.979804	118.793683
1487616302	32.037569	118.783186
1487616384	31.979804	118.793683
1487616510	31.979804	118.793683
1487616545	32.037569	118.783186
1487616670	31.979804	118.793683
1487616850	32.037569	118.783186
1487616870	31.979804	118.793683
1487617108	32.037569	118.783186
1487617120	31.979804	118.793683
1487617294	31.979804	118.793683
1487617327	32.037569	118.783186
1487617398	31.979804	118.793683
1487617475	31.979804	118.793683
1487617497	32.012229	118.848799
1487617527	32.012229	118.848799
1487617558	32.012229	118.848799
1487617570	32.037569	118.783186
1487617589	32.012229	118.848799
1487617591	31.979804	118.793683
1487617619	32.012229	118.848799
1487617651	32.012229	118.848799
1487617682	32.012229	118.848799
1487617713	32.012229	118.848799
1487617718	31.979804	118.793683
1487617744	32.012229	118.848799
1487617755	32.037569	118.783186
1487617775	32.012229	118.848799
1487617806	31.979813	118.793705
1487617806	32.012229	118.848799
1487617837	32.012229	118.848799
1487617867	32.012229	118.848799
1487617898	32.012229	118.848799
1487617927	31.979813	118.793705
1487617929	32.012229	118.848799
1487617961	32.012229	118.848799
1487617991	32.012229	118.848799
1487618008	32.037569	118.783186
1487618019	31.979813	118.793705
1487618022	32.012229	118.848799
1487618053	32.012229	118.848799
1487618084	32.012229	118.848799
1487618115	32.012229	118.848799
1487618146	32.012229	118.848799
1487618166	31.979813	118.793705
1487618177	32.012229	118.848799
1487618207	32.012229	118.848799
1487618224	32.037569	118.783186
1487618238	32.012229	118.848799
1487618270	32.012229	118.848799
1487618284	31.979813	118.793705
1487618301	32.012229	118.848799
1487618331	32.012229	118.848799
1487618362	32.012229	118.848799
1487618392	32.012229	118.848799
1487618478	32.037569	118.783186
1487618733	32.037569	118.783186
1487621362	31.979821	118.7937
1487621450	31.979821	118.7937
1487621541	31.979821	118.7937
1487621629	31.979821	118.7937
1487621773	31.979821	118.7937
1487621898	31.979821	118.7937
1487622071	31.979821	118.7937
1487622133	31.979821	118.7937
1487622240	31.979821	118.7937
1487622358	31.979821	118.7937
1487622408	31.979821	118.7937
1487622515	31.979821	118.7937
1487622695	31.979821	118.7937
1487622749	32.037481	118.783072
1487622751	32.037481	118.783072
1487622756	32.037481	118.783072
1487622758	32.037481	118.783072
1487622759	32.037481	118.783072
1487622770	32.037481	118.783072
1487622796	32.037481	118.783072
1487622801	32.037481	118.783072
1487622803	32.037481	118.783072
1487622804	32.037481	118.783072
1487622813	32.037481	118.783072
1487622816	31.979821	118.7937
1487622832	32.037481	118.783072
1487622863	32.037481	118.783072
1487622905	32.037481	118.783072
1487622918	32.037481	118.783072
1487622926	32.037481	118.783072
1487622927	32.037481	118.783072
1487622929	32.037481	118.783072
1487622930	32.037481	118.783072
1487622933	32.037481	118.783072
1487622948	32.037481	118.783072
1487622975	31.979821	118.7937
1487622980	32.037481	118.783072
1487622982	32.037481	118.783072
1487623007	32.037481	118.783072
1487623008	32.037481	118.783072
1487623010	32.037481	118.783072
1487623011	32.037481	118.783072
1487623013	32.037481	118.783072
1487623030	32.037481	118.783072
1487623032	32.037481	118.783072
1487623206	31.979821	118.7937
1487623286	32.037481	118.783072
1487623317	31.979821	118.7937
1487623423	31.979821	118.7937
1487623546	31.979821	118.7937
1487623667	31.979821	118.7937
1487623672	31.979821	118.7937
1487623684	31.979821	118.7937
1487623696	31.979821	118.7937
1487623701	31.979821	118.7937
1487623706	31.979821	118.7937
1487623709	31.979821	118.7937
1487623723	31.979821	118.7937
1487623725	31.979821	118.7937
1487623733	31.979821	118.7937
1487623747	31.979821	118.7937
1487623776	31.979821	118.7937
1487623777	31.979821	118.7937
1487623793	31.979821	118.7937
1487623794	31.979821	118.7937
1487623852	31.979821	118.7937
1487623854	31.979821	118.7937
1487623857	31.979821	118.7937
1487623872	31.979821	118.7937
1487623874	31.979821	118.7937
1487623876	31.979821	118.7937
1487623914	31.979821	118.7937
1487623928	31.979821	118.7937
1487623930	31.979821	118.7937
1487623957	31.979821	118.7937
1487623963	31.979821	118.7937
1487623964	31.979821	118.7937
1487623965	31.979821	118.7937
1487623975	31.979821	118.7937
1487623976	31.979821	118.7937
1487623978	31.979821	118.7937
1487624109	31.979821	118.7937
1487624184	31.979821	118.7937
1487624289	31.979821	118.7937
1487624429	31.979821	118.7937
1487624523	31.979821	118.7937
1487624596	31.979821	118.7937
1487624682	31.979821	118.7937
1487624786	31.979821	118.7937
1487625009	31.979821	118.7937
1487625076	31.979821	118.7937
1487625089	32.037641	118.783003
1487625250	32.037641	118.783003
1487625437	32.037641	118.783003
1487625447	32.037641	118.783003
1487625467	32.037641	118.783003
1487625479	32.037641	118.783003
1487625528	32.037641	118.783003
1487625619	32.037641	118.783003
1487625621	32.037641	118.783003
1487625627	32.037641	118.783003
1487625633	32.037641	118.783003
1487625635	32.037641	118.783003
1487625663	32.037641	118.783003
1487625666	32.037641	118.783003
1487625668	32.037641	118.783003
1487625669	32.037641	118.783003
1487625671	32.037641	118.783003
1487625672	32.037641	118.783003
1487625674	32.037641	118.783003
1487625676	32.037641	118.783003
1487625678	32.037641	118.783003
1487625703	32.037641	118.783003
1487625705	32.037641	118.783003
1487625731	32.037641	118.783003
1487625732	32.037641	118.783003
1487625734	32.037641	118.783003
1487625737	32.037641	118.783003
1487625739	32.037641	118.783003
1487625741	32.037641	118.783003
1487625752	32.037641	118.783003
1487625754	32.037641	118.783003
1487625755	32.037641	118.783003
1487625757	32.037641	118.783003
1487626158	32.037641	118.783003
1487626529	32.037641	118.783003
1487626879	32.037641	118.783003
1487627015	32.037641	118.783003
1487627250	32.037641	118.783003
1487627558	32.037641	118.783003
1487627802	32.037641	118.783003
1487628557	31.979813	118.793696
1487628652	31.979813	118.793696
1487628795	31.979813	118.793696
1487628984	31.979813	118.793696
1487629133	31.979813	118.793696
