1487631938	32.01469432	118.74634312
1487631969	32.01469437	118.74634228
1487632001	32.01469452	118.74634169
1487632032	32.01469476	118.74634114
1487632063	32.01469434	118.74634053
1487632094	32.0146943	118.74634014
1487632125	32.01469413	118.74633968
1487632162	32.01469401	118.74633902
1487632193	32.01469403	118.74633861
1487632224	32.01469404	118.74633811
1487632255	32.01469389	118.74633781
1487632287	32.01469385	118.7463376
1487633797	32.01478909	118.74655686
1487633834	32.01477892	118.74652042
1487633865	32.01475942	118.74645369
1487633901	32.01475323	118.74643183
1487633932	32.01475273	118.74642551
1487633964	32.0147498	118.7464197
1487633995	32.01474822	118.7464169
1487634026	32.01474658	118.74633463
1487634056	32.01474698	118.74633732
1487634092	32.01474655	118.74633722
1487634124	32.01474653	118.74633621
1487634131	32.01474655	118.74633612
1487634132	32.01474652	118.74633596
1487634134	32.01474652	118.74633594
1487634136	32.01474645	118.74633588
1487634139	32.01474639	118.74633576
1487634141	32.01474632	118.74633565
1487634143	32.01474649	118.74633557
1487634144	32.01474646	118.74633558
1487634146	32.01474645	118.74633562
1487634149	32.01474641	118.7463356
1487634151	32.01474643	118.74633547
1487634153	32.01474649	118.74633535
1487634154	32.01474653	118.74633529
1487634156	32.01474651	118.7463353
1487634159	32.01474654	118.74633523
1487634161	32.01474653	118.74633525
1487634163	32.01474648	118.74633515
1487634165	32.01474657	118.74633507
1487634167	32.01474655	118.74633497
1487634170	32.01474653	118.74633498
1487634171	32.01474651	118.74633496
1487634173	32.01474653	118.74633491
1487634175	32.01474654	118.74633477
1487634177	32.01474656	118.7463346
1487634179	32.01474656	118.74633459
1487634180	32.01474655	118.74633453
1487634182	32.01474651	118.74633452
1487634184	32.01474655	118.74633445
1487634186	32.01474653	118.74633448
1487634188	32.01474656	118.74633445
1487634220	32.01474697	118.74633391
1487634252	32.01474714	118.74633316
1487634283	32.01474764	118.74633309
1487634315	32.01474757	118.74633241
1487634347	32.01474761	118.74633183
1487634378	32.01474639	118.74633132
1487634409	32.01474541	118.74633055
1487634441	32.01474521	118.74632965
1487634472	32.01474488	118.74632842
1487634504	32.01474498	118.7463276
1487634535	32.01474482	118.74632582
1487634596	32.01474466	118.74632534
1487634627	32.01474454	118.74632484
1487638575	32.01492264	118.74629419
1487638617	32.01477375	118.7463506
1487638648	32.01476865	118.74634708
1487638679	32.0147717	118.74629892
1487638711	32.01477034	118.7462982
1487638743	32.01477033	118.74629815
1487638774	32.01473865	118.74628425
1487638805	32.01473958	118.74628441
1487638836	32.0147394	118.74628439
1487638867	32.01473998	118.74628386
1487640537	32.01470796	118.7463201
1487640570	32.01471142	118.74632712
1487640670	32.01491017	118.74649512
1487640703	32.01488568	118.74639395
1487640737	32.01488715	118.7463943
1487640740	32.01488715	118.7463943
1487640742	32.01488715	118.7463943
1487640744	32.01488715	118.7463943
1487640746	32.01488716	118.74639431
1487640749	32.01488716	118.74639432
1487640752	32.01488716	118.74639431
1487640754	32.01517286	118.74636545
1487640756	32.01517286	118.74636545
1487640764	32.01517286	118.74636545
1487640766	32.01517286	118.74636545
1487640771	32.01517286	118.74636545
1487640773	32.01517286	118.74636545
1487640776	32.01517286	118.74636545
1487640778	32.01517286	118.74636545
1487640781	32.01517286	118.74636545
1487640783	32.01517286	118.74636545
1487640785	32.01517286	118.74636545
1487640787	32.01517286	118.74636545
1487640789	32.01517286	118.74636545
1487640791	32.01517286	118.74636545
1487640794	32.01517286	118.74636545
1487640796	32.01517286	118.74636545
1487640798	32.01517286	118.74636545
1487640800	32.01517286	118.74636545
1487640803	32.01517286	118.74636545
1487640805	32.01517286	118.74636545
1487640807	32.01517286	118.74636545
1487640809	32.01517286	118.74636545
1487640812	32.01517286	118.74636545
1487640844	32.01488496	118.74639175
1487640875	32.01491152	118.74646911
1487640907	32.01491152	118.74646911
1487640938	32.01491152	118.74646911
1487640971	32.01491152	118.74646911
1487641002	32.01491152	118.74646911
1487641033	32.01491152	118.74646911
1487641065	32.01491152	118.74646911
1487641095	32.01491152	118.74646911
1487641128	32.01491152	118.74646911
1487641163	32.01491152	118.74646911
1487641194	32.01491152	118.74646911
1487641227	32.01491152	118.74646911
1487641258	32.01491152	118.74646911
1487641291	32.01491152	118.74646911
1487641321	32.01491152	118.74646911
1487641352	32.01491152	118.74646911
1487641383	32.01491152	118.74646911
1487641415	32.01491152	118.74646911
1487641447	32.01491152	118.74646911
1487641478	32.01491152	118.74646911
1487641509	32.01491152	118.74646911
1487641542	32.01491152	118.74646911
1487641573	32.01491152	118.74646911
1487645803	32.014652	118.74628021
1487645804	32.01465173	118.74628055
1487645806	32.01465205	118.74628033
1487645808	32.01465267	118.74627938
1487645810	32.01465309	118.74627853
1487645811	32.01465318	118.74627823
1487645813	32.01465299	118.74627851
1487645815	32.01465341	118.74627786
1487645817	32.01465338	118.74627823
1487645819	32.01465368	118.74627809
1487645821	32.01465362	118.74627833
1487645823	32.01465403	118.74627983
1487645825	32.01465476	118.74627928
1487645826	32.01465365	118.74626822
1487645828	32.0146548	118.74627083
1487645831	32.0146554	118.74627593
1487645833	32.01465831	118.74626111
1487645835	32.01465906	118.74625836
1487645837	32.01466027	118.74626707
1487645839	32.01466135	118.74626889
1487645841	32.01466222	118.74627313
1487645843	32.01466236	118.74627139
1487645845	32.01466272	118.74627022
1487645847	32.01466291	118.74626971
1487645849	32.0146634	118.74626851
1487645852	32.01466337	118.7462687
1487645854	32.01466364	118.74626773
1487645856	32.01466374	118.74626767
1487645858	32.01466407	118.74626762
1487645860	32.01466447	118.74626717
1487645861	32.01466452	118.74626696
1487645893	32.01466543	118.74627453
1487645924	32.01466542	118.74627455
1487645955	32.01466542	118.74627455
1487645987	32.01466542	118.74627455
1487646018	32.01469314	118.74627778
1487646048	32.01469411	118.74627787
1487646079	32.01469573	118.74627915
1487646111	32.01469606	118.74627881
1487646142	32.01469704	118.74627863
1487646174	32.01469777	118.74627867
1487646207	32.01469813	118.7462774
1487646244	32.01469367	118.74627933
1487646278	32.01469891	118.74628205
1487646318	32.01470285	118.74628579
1487646399	32.01470461	118.74628558
1487646463	32.01470461	118.74628558
1487646555	32.01470461	118.74628558
1487646643	32.01470461	118.74628558
1487646738	32.01470461	118.74628558
1487646839	32.01470461	118.74628558
1487646967	32.01470461	118.74628558
1487647044	32.01470461	118.74628558
1487647116	32.01470461	118.74628558
1487647223	32.01470461	118.74628558
1487647306	32.01470461	118.74628558
1487647343	32.01470461	118.74628558
1487647375	32.01475727	118.74630451
1487647411	32.0147598	118.7462992
1487649386	32.01452915	118.74642724
1487649473	32.01452915	118.74642724
1487649555	32.01452915	118.74642724
1487649631	32.01452915	118.74642724
1487649698	32.01452915	118.74642724
1487649769	32.01452915	118.74642724
1487649845	32.01452915	118.74642724
1487649878	32.01452915	118.74642724
1487649880	32.01452915	118.74642724
1487649882	32.01452915	118.74642724
1487649884	32.01452915	118.74642724
1487649887	32.01452915	118.74642724
1487649889	32.01465639	118.74636759
1487649891	32.01466123	118.74635576
1487649893	32.01467342	118.74635236
1487649895	32.01467332	118.74634919
1487649897	32.01467384	118.74634912
1487649899	32.01467464	118.74634968
1487649901	32.01467511	118.74634941
1487649903	32.01467568	118.74634947
1487649905	32.01467603	118.74634931
1487649907	32.01467403	118.74634711
1487649909	32.01467468	118.74634717
1487649911	32.01467506	118.74634689
1487649913	32.01467148	118.74634345
1487649917	32.01467188	118.74634338
1487649919	32.01467216	118.74634221
1487649922	32.01467303	118.74634218
1487649925	32.01467316	118.74634223
1487649927	32.01467333	118.74634184
1487649931	32.01467355	118.74634162
1487649933	32.01467401	118.74634116
1487649935	32.01467435	118.74634092
1487649937	32.01467453	118.74634024
1487649939	32.01467521	118.74634009
1487649942	32.01467541	118.74633997
1487649945	32.01467559	118.74633976
1487649947	32.01467373	118.7463385
1487649979	32.01467785	118.74633454
1487650010	32.01467904	118.74633299
1487650042	32.01467769	118.7463214
1487650073	32.01467882	118.74632241
1487650104	32.01467864	118.74632296
1487650135	32.0146792	118.74632311
1487650167	32.01467943	118.74632282
1487650199	32.01468657	118.74631562
1487650230	32.01469143	118.74631372
1487650261	32.01469229	118.74631292
1487650292	32.01469545	118.74630973
1487650323	32.01469692	118.74630947
1487650355	32.01469754	118.74630899
1487650386	32.0146978	118.74630906
1487650423	32.01469911	118.74630808
1487650459	32.0147	118.74630702
1487650496	32.01470114	118.74630586
1487650548	32.0147017	118.74630532
1487650608	32.01470136	118.74630524
1487650639	32.01470118	118.7463077
1487650670	32.01470132	118.74630751
1487650701	32.01470148	118.74630746
1487653034	32.01462619	118.74636917
1487653066	32.01479081	118.74646353
1487653099	32.01475905	118.74643477
