1487625738	33.342854	119.240489
1487625741	33.342854	119.240489
1487625744	33.342854	119.240489
1487625747	33.342854	119.240489
1487625751	33.342854	119.240489
1487625777	33.342854	119.240489
1487625782	33.342854	119.240489
1487625785	33.342854	119.240489
1487625795	33.342854	119.240489
1487625798	33.342854	119.240489
1487625801	33.342854	119.240489
1487625804	33.342854	119.240489
1487626041	33.342854	119.240489
1487626156	33.342854	119.240489
1487626190	33.342854	119.240489
1487626222	33.342854	119.240489
1487626338	33.342854	119.240489
1487626401	33.342854	119.240489
1487626434	33.342854	119.240489
1487626472	33.342854	119.240489
1487626506	33.342854	119.240489
1487626537	33.342854	119.240489
1487626569	33.342854	119.240489
1487626600	33.342854	119.240489
1487626634	33.342854	119.240489
1487626672	33.342854	119.240489
1487626703	33.342854	119.240489
1487626735	33.342854	119.240489
1487626766	33.342854	119.240489
1487626799	33.342854	119.240489
1487626830	33.342854	119.240489
1487626863	33.342854	119.240489
1487626895	33.342854	119.240489
1487626927	33.342854	119.240489
1487626961	33.342854	119.240489
1487626993	33.342854	119.240489
1487627026	33.342854	119.240489
1487627079	33.342854	119.240489
1487627110	33.342854	119.240489
1487627220	33.342857	119.240507
1487627252	33.342857	119.240507
1487627284	33.342857	119.240507
1487627287	33.342857	119.240507
1487627289	33.342857	119.240507
1487627291	33.342857	119.240507
1487627299	33.342857	119.240507
1487627302	33.342857	119.240507
1487627304	33.342857	119.240507
1487627306	33.342857	119.240507
1487627309	33.342857	119.240507
1487627311	33.342857	119.240507
1487627313	33.342857	119.240507
1487627316	33.342857	119.240507
1487627318	33.342857	119.240507
1487627320	33.342857	119.240507
1487627328	33.342857	119.240507
1487627334	33.342857	119.240507
1487627338	33.342857	119.240507
1487627341	33.342857	119.240507
1487627343	33.342857	119.240507
1487627346	33.342857	119.240507
1487627354	33.342857	119.240507
1487627356	33.342857	119.240507
1487627359	33.342857	119.240507
1487627364	33.342857	119.240507
1487627370	33.342857	119.240507
1487627374	33.342857	119.240507
1487627377	33.342857	119.240507
1487627386	33.342857	119.240507
1487627388	33.342857	119.240507
1487627397	33.342857	119.240507
1487627399	33.342857	119.240507
1487627443	33.342857	119.240507
1487627475	33.342857	119.240507
1487630410	33.247045	119.317717
1487630790	33.247045	119.317717
1487630864	33.247045	119.317717
1487630923	33.247045	119.317717
1487631000	33.247045	119.317717
1487631094	33.247045	119.317717
1487631178	33.247045	119.317717
1487631225	33.247045	119.317717
1487631283	33.247045	119.317717
1487631430	33.247045	119.317717
1487631479	33.247045	119.317717
1487631625	33.247045	119.317717
1487631671	33.247045	119.317717
1487631714	33.247045	119.317717
1487631801	33.247045	119.317717
1487631869	33.247045	119.317717
1487632000	33.247045	119.317717
1487632065	33.247045	119.317717
1487632344	33.247045	119.317717
1487632409	33.247045	119.317717
1487632666	33.247045	119.317717
1487632849	33.247045	119.317717
1487632904	33.247045	119.317717
1487632983	33.247045	119.317717
1487633048	33.247045	119.317717
1487633092	33.247045	119.317717
1487633167	33.247045	119.317717
1487633307	33.247045	119.317717
1487633364	33.247045	119.317717
1487633483	33.247045	119.317717
1487633547	33.247045	119.317717
1487633598	33.247045	119.317717
1487633783	33.247045	119.317717
1487634039	33.24704	119.317696
1487634112	33.24704	119.317696
1487634196	33.24704	119.317696
1487634263	33.24704	119.317696
1487634272	33.247045	119.317717
1487634330	33.24704	119.317696
1487634516	33.247045	119.317717
1487636058	33.24704	119.317696
1487636088	33.24704	119.317696
1487636167	33.24704	119.317696
1487636488	33.24704	119.317696
1487636784	33.24704	119.317696
1487636943	33.24704	119.317696
1487637134	33.24704	119.317696
1487637519	33.24704	119.317696
1487637691	33.24704	119.317696
1487637983	33.24704	119.317696
1487638119	33.246858	119.317839
1487638186	33.246858	119.317839
1487638286	33.246858	119.317839
1487638521	33.24704	119.317696
1487638663	33.24704	119.317696
1487638674	33.246858	119.317839
1487638945	33.24704	119.317696
1487638950	33.246858	119.317839
1487639024	33.246858	119.317839
1487639348	33.24704	119.317696
1487639351	33.246858	119.317839
1487639431	33.24704	119.317696
1487639435	33.24704	119.317696
1487639436	33.24704	119.317696
1487639437	33.24704	119.317696
1487639439	33.24704	119.317696
1487639440	33.24704	119.317696
1487639441	33.24704	119.317696
1487639443	33.24704	119.317696
1487639444	33.24704	119.317696
1487639445	33.24704	119.317696
1487639447	33.24704	119.317696
1487639448	33.24704	119.317696
1487639449	33.24704	119.317696
1487639451	33.24704	119.317696
1487639452	33.24704	119.317696
1487639453	33.24704	119.317696
1487639455	33.24704	119.317696
1487639456	33.24704	119.317696
1487639457	33.24704	119.317696
1487639459	33.24704	119.317696
1487639460	33.24704	119.317696
1487639461	33.24704	119.317696
1487639462	33.24704	119.317696
1487639464	33.24704	119.317696
1487639465	33.24704	119.317696
1487639466	33.24704	119.317696
1487639468	33.24704	119.317696
1487639469	33.24704	119.317696
1487639470	33.24704	119.317696
1487639472	33.24704	119.317696
1487639473	33.24704	119.317696
1487639505	33.24704	119.317696
1487639536	33.24704	119.317696
1487639566	33.24704	119.317696
1487639596	33.24704	119.317696
1487639626	33.24704	119.317696
1487639653	33.246858	119.317839
1487639659	33.24704	119.317696
1487639689	33.24704	119.317696
1487639719	33.24704	119.317696
1487639750	33.24704	119.317696
1487639780	33.24704	119.317696
1487639890	33.246858	119.317839
1487640081	33.246858	119.317839
1487640166	33.246858	119.317839
1487640256	33.246858	119.317839
1487640374	33.246858	119.317839
1487640500	33.246858	119.317839
1487640585	33.246858	119.317839
1487640675	33.246858	119.317839
1487640812	33.246858	119.317839
1487640877	33.246858	119.317839
1487640943	33.246858	119.317839
1487641015	33.246858	119.317839
1487641121	33.246858	119.317839
1487641185	33.246858	119.317839
1487641279	33.246858	119.317839
1487641356	33.246858	119.317839
1487641443	33.246858	119.317839
1487641525	33.246858	119.317839
1487641602	33.246858	119.317839
1487641673	33.246858	119.317839
1487641752	33.246858	119.317839
1487641847	33.246858	119.317839
1487643384	33.246858	119.317839
1487643509	33.246858	119.317839
1487643654	33.246858	119.317839
1487643723	33.246858	119.317839
1487643896	33.246858	119.317839
1487643956	33.246858	119.317839
1487644005	33.246858	119.317839
1487644061	33.246858	119.317839
1487644113	33.246858	119.317839
1487644174	33.246858	119.317839
1487644230	33.246858	119.317839
1487644276	33.246858	119.317839
1487644312	33.246858	119.317839
1487644350	33.246858	119.317839
1487644475	33.246858	119.317839
1487644521	33.246858	119.317839
1487644574	33.246858	119.317839
1487644615	33.246858	119.317839
1487644652	33.246858	119.317839
1487644687	33.246858	119.317839
1487644728	33.246858	119.317839
1487644772	33.246858	119.317839
1487644814	33.246858	119.317839
1487644852	33.246858	119.317839
1487644893	33.246858	119.317839
1487644930	33.246858	119.317839
1487644972	33.246858	119.317839
1487645013	33.246858	119.317839
1487645058	33.246858	119.317839
1487645096	33.246858	119.317839
1487645129	33.246858	119.317839
1487645168	33.246858	119.317839
1487645205	33.246858	119.317839
1487645245	33.246858	119.317839
1487645292	33.246858	119.317839
1487645365	33.246858	119.317839
1487645454	33.246858	119.317839
1487645548	33.246858	119.317839
1487645617	33.246858	119.317839
1487645683	33.246858	119.317839
1487645751	33.246858	119.317839
1487645815	33.246858	119.317839
1487645881	33.246858	119.317839
1487645946	33.246858	119.317839
1487646020	33.246858	119.317839
1487646083	33.246858	119.317839
1487646148	33.246858	119.317839
1487646213	33.246858	119.317839
1487646281	33.246858	119.317839
1487646347	33.246858	119.317839
1487646418	33.246858	119.317839
1487646482	33.246858	119.317839
1487646551	33.246858	119.317839
1487646587	33.246858	119.317839
1487646618	33.246858	119.317839
1487646648	33.246858	119.317839
1487646717	33.246858	119.317839
1487646785	33.246858	119.317839
1487646851	33.246858	119.317839
1487646915	33.246858	119.317839
1487650451	33.247044	119.317698
1487650517	33.247044	119.317698
1487650579	33.247044	119.317698
1487650645	33.247044	119.317698
1487650709	33.247044	119.317698
1487650776	33.247044	119.317698
1487650848	33.247044	119.317698
1487650917	33.247044	119.317698
1487650954	33.247044	119.317698
1487650988	33.247044	119.317698
1487651024	33.247044	119.317698
1487651061	33.247044	119.317698
1487651101	33.247044	119.317698
1487651136	33.247044	119.317698
1487651173	33.247044	119.317698
1487651211	33.247044	119.317698
1487651246	33.247044	119.317698
1487651289	33.247044	119.317698
1487651325	33.247044	119.317698
1487651359	33.247044	119.317698
1487651394	33.247044	119.317698
1487651431	33.247044	119.317698
1487651468	33.247044	119.317698
1487651503	33.247044	119.317698
1487651539	33.247044	119.317698
1487651574	33.247044	119.317698
1487651612	33.247044	119.317698
1487651645	33.247044	119.317698
1487651679	33.247044	119.317698
1487651718	33.247044	119.317698
1487651753	33.247044	119.317698
1487651791	33.247044	119.317698
1487651826	33.247044	119.317698
1487651865	33.247044	119.317698
1487651903	33.247044	119.317698
1487651938	33.247044	119.317698
1487651975	33.247044	119.317698
1487652008	33.247044	119.317698
1487652073	33.247044	119.317698
1487652136	33.247044	119.317698
1487652202	33.247044	119.317698
1487652269	33.247044	119.317698
1487652332	33.247044	119.317698
1487652395	33.247044	119.317698
1487652461	33.247044	119.317698
1487652528	33.247044	119.317698
1487652594	33.247044	119.317698
1487652658	33.247044	119.317698
1487652730	33.247044	119.317698
1487652793	33.247044	119.317698
1487652865	33.247044	119.317698
1487652930	33.247044	119.317698
1487653001	33.247044	119.317698
1487653063	33.247044	119.317698
1487653128	33.247044	119.317698
1487653193	33.247044	119.317698
