1487585855	31.912204	118.825962
1487585859	32.099238	118.785019
1487585892	31.912204	118.825962
1487585935	31.912204	118.825962
1487585972	31.912204	118.825962
1487586005	32.099238	118.785019
1487586015	31.912204	118.825962
1487586054	31.912204	118.825962
1487586094	31.912204	118.825962
1487586132	31.912204	118.825962
1487586142	32.099238	118.785019
1487586153	32.099238	118.785019
1487586170	31.912204	118.825962
1487586172	32.099238	118.785019
1487586196	32.099238	118.785019
1487586202	32.099238	118.785019
1487586205	32.099238	118.785019
1487586208	31.912204	118.825962
1487586220	32.099238	118.785019
1487586242	32.099238	118.785019
1487586248	31.912204	118.825962
1487586254	32.099238	118.785019
1487586268	32.099238	118.785019
1487586282	32.099238	118.785019
1487586286	31.912204	118.825962
1487586288	32.099238	118.785019
1487586291	32.099238	118.785019
1487586301	32.099238	118.785019
1487586308	32.099238	118.785019
1487586316	32.099238	118.785019
1487586320	32.099238	118.785019
1487586322	31.912204	118.825962
1487586362	31.912204	118.825962
1487586363	32.099238	118.785019
1487586369	32.099238	118.785019
1487586369	31.912204	118.825962
1487586380	31.912204	118.825962
1487586386	32.099238	118.785019
1487586391	31.912204	118.825962
1487586396	32.099238	118.785019
1487586398	31.912204	118.825962
1487586407	32.099238	118.785019
1487586407	31.912204	118.825962
1487586409	32.099238	118.785019
1487586413	31.912204	118.825962
1487586424	31.912204	118.825962
1487586433	31.912204	118.825962
1487586436	32.099238	118.785019
1487586439	32.099238	118.785019
1487586441	31.912204	118.825962
1487586449	31.912204	118.825962
1487586455	32.099238	118.785019
1487586456	31.912204	118.825962
1487586466	31.912204	118.825962
1487586467	32.099238	118.785019
1487586471	31.912204	118.825962
1487586476	32.099238	118.785019
1487586480	31.912204	118.825962
1487586486	32.099238	118.785019
1487586487	31.912204	118.825962
1487586490	32.099238	118.785019
1487586493	31.912204	118.825962
1487586504	32.099238	118.785019
1487586505	31.912204	118.825962
1487586520	31.912204	118.825962
1487586525	31.912204	118.825962
1487586532	31.912204	118.825962
1487586539	31.912204	118.825962
1487586546	31.912204	118.825962
1487586563	31.912204	118.825962
1487586571	31.912204	118.825962
1487586579	31.912204	118.825962
1487586588	31.912204	118.825962
1487586596	31.912204	118.825962
1487586607	31.912204	118.825962
1487586614	31.912204	118.825962
1487586621	31.912204	118.825962
1487586667	31.912204	118.825962
1487586689	32.099238	118.785019
1487586706	31.912204	118.825962
1487586745	31.912204	118.825962
1487586780	31.912204	118.825962
1487586795	32.099238	118.785019
1487586819	31.912204	118.825962
1487586855	31.912204	118.825962
1487586895	31.912204	118.825962
1487586923	32.099238	118.785019
1487586935	31.912204	118.825962
1487586978	31.912204	118.825962
1487587017	31.912204	118.825962
1487587050	32.099238	118.785019
1487587055	31.912204	118.825962
1487587093	31.912204	118.825962
1487587135	31.912204	118.825962
1487587174	31.912204	118.825962
1487587204	32.099238	118.785019
1487587211	31.912204	118.825962
1487587247	31.912204	118.825962
1487587334	32.099238	118.785019
1487587461	32.099238	118.785019
1487587546	32.099238	118.785019
1487587636	32.099238	118.785019
1487587772	32.099238	118.785019
1487587848	32.099238	118.785019
1487588007	32.099238	118.785019
1487588119	32.099238	118.785019
1487588205	32.099238	118.785019
1487588329	32.099238	118.785019
1487588478	32.099238	118.785019
1487588598	32.099238	118.785019
1487588729	32.099238	118.785019
1487588925	32.099238	118.785019
1487589014	32.099238	118.785019
1487589161	32.099238	118.785019
1487589259	32.099238	118.785019
1487589411	31.912204	118.825962
1487589415	32.099238	118.785019
1487589453	31.912204	118.825962
1487589489	31.912204	118.825962
1487589527	31.912204	118.825962
1487589567	31.912204	118.825962
1487589579	32.099238	118.785019
1487589609	31.912204	118.825962
1487589651	31.912204	118.825962
1487589691	32.099238	118.785019
1487589691	31.912204	118.825962
1487589729	31.912204	118.825962
1487589777	31.912204	118.825962
1487589794	32.099238	118.785019
1487589820	31.912204	118.825962
1487589859	31.912204	118.825962
1487589906	31.912204	118.825962
1487589939	32.099238	118.785019
1487589942	31.912204	118.825962
1487589977	31.912204	118.825962
1487589989	31.912204	118.825962
1487589998	31.912204	118.825962
1487590011	31.912204	118.825962
1487590018	31.912204	118.825962
1487590026	31.912204	118.825962
1487590036	31.912204	118.825962
1487590042	31.912204	118.825962
1487590050	31.912204	118.825962
1487590057	31.912204	118.825962
1487590063	31.912204	118.825962
1487590075	31.912204	118.825962
1487590093	31.912204	118.825962
1487590102	31.912204	118.825962
1487590109	31.912204	118.825962
1487590115	31.912204	118.825962
1487590144	31.912204	118.825962
1487590151	31.912204	118.825962
1487590159	31.912204	118.825962
1487590166	31.912204	118.825962
1487590171	31.912204	118.825962
1487590179	31.912204	118.825962
1487590186	31.912204	118.825962
1487590199	31.912204	118.825962
1487590204	31.912204	118.825962
1487590209	31.912204	118.825962
1487590216	31.912204	118.825962
1487590223	31.912204	118.825962
1487590231	31.912204	118.825962
1487590238	31.912204	118.825962
1487590247	31.912204	118.825962
1487590288	31.912204	118.825962
1487590328	31.912204	118.825962
1487590365	31.912204	118.825962
1487590405	31.912204	118.825962
1487590439	31.912204	118.825962
1487590477	31.912204	118.825962
1487590516	31.912204	118.825962
1487590558	31.912204	118.825962
1487590596	31.912204	118.825962
1487590632	31.912204	118.825962
1487590673	31.912204	118.825962
1487590714	31.912204	118.825962
1487590752	31.912204	118.825962
1487590804	31.912204	118.825962
1487590841	31.912204	118.825962
1487593013	31.912074	118.825922
1487593045	32.099238	118.785019
1487593047	31.912074	118.825922
1487593057	32.099238	118.785019
1487593074	32.099238	118.785019
1487593093	31.912074	118.825922
1487593103	32.099238	118.785019
1487593129	31.912074	118.825922
1487593132	32.099238	118.785019
1487593145	32.099238	118.785019
1487593156	32.099238	118.785019
1487593166	31.912074	118.825922
1487593169	32.099238	118.785019
1487593173	32.099238	118.785019
1487593180	32.099238	118.785019
1487593192	32.099238	118.785019
1487593203	32.099238	118.785019
1487593209	31.912074	118.825922
1487593230	32.099238	118.785019
1487593239	32.099238	118.785019
1487593247	31.912074	118.825922
1487593255	32.099238	118.785019
1487593277	32.099238	118.785019
1487593280	32.099238	118.785019
1487593281	31.912074	118.825922
1487593283	32.099238	118.785019
1487593289	32.099238	118.785019
1487593306	32.099238	118.785019
1487593309	32.099238	118.785019
1487593311	32.099238	118.785019
1487593314	32.099238	118.785019
1487593317	32.099238	118.785019
1487593320	32.099238	118.785019
1487593327	31.912074	118.825922
1487593337	31.912074	118.825922
1487593350	31.912074	118.825922
1487593358	31.912074	118.825922
1487593364	31.912074	118.825922
1487593366	32.099238	118.785019
1487593368	31.912074	118.825922
1487593372	31.912074	118.825922
1487593377	31.912074	118.825922
1487593380	32.099238	118.785019
1487593386	32.099238	118.785019
1487593388	32.099238	118.785019
1487593389	31.912074	118.825922
1487593391	32.099238	118.785019
1487593393	32.099238	118.785019
1487593394	31.912074	118.825922
1487593401	31.912074	118.825922
1487593411	31.912074	118.825922
1487593418	31.912074	118.825922
1487593425	31.912074	118.825922
1487593431	31.912074	118.825922
1487593442	31.912074	118.825922
1487593447	31.912074	118.825922
1487593452	31.912074	118.825922
1487593456	31.912074	118.825922
1487593462	31.912074	118.825922
1487593465	31.912074	118.825922
1487593471	31.912074	118.825922
1487593475	31.912074	118.825922
1487593483	31.912074	118.825922
1487593494	31.912074	118.825922
1487593499	31.912074	118.825922
1487593504	31.912074	118.825922
1487593509	31.912074	118.825922
1487593516	31.912074	118.825922
1487593519	32.099238	118.785019
1487593523	31.912074	118.825922
1487593528	31.912074	118.825922
1487593572	31.912074	118.825922
1487593599	32.099238	118.785019
1487593618	31.912074	118.825922
1487593655	31.912074	118.825922
1487593673	32.099238	118.785019
1487593703	31.912074	118.825922
1487593743	31.912074	118.825922
1487593782	31.912074	118.825922
1487593805	32.099238	118.785019
1487593822	31.912074	118.825922
1487593854	31.912074	118.825922
1487593881	32.099238	118.785019
1487593890	31.912074	118.825922
1487593927	31.912074	118.825922
1487593961	31.912074	118.825922
1487593964	32.099238	118.785019
1487594031	32.099238	118.785019
1487594105	32.099238	118.785019
1487594155	32.099238	118.785019
1487596418	31.912306	118.825945
1487596422	31.912306	118.825945
1487596426	31.912306	118.825945
1487596428	31.912306	118.825945
1487596432	31.912306	118.825945
1487596436	31.912306	118.825945
1487596439	31.912306	118.825945
1487596443	31.912306	118.825945
1487596445	31.912306	118.825945
1487596448	31.912306	118.825945
1487596451	31.912306	118.825945
1487596454	31.912306	118.825945
1487596457	31.912306	118.825945
1487596459	31.912306	118.825945
1487596463	31.912306	118.825945
1487596466	31.912306	118.825945
1487596469	31.912306	118.825945
1487596472	31.912306	118.825945
1487596475	31.912306	118.825945
1487596478	31.912306	118.825945
1487596481	31.912306	118.825945
1487596484	31.912306	118.825945
1487596487	31.912306	118.825945
1487596491	31.912306	118.825945
1487596493	31.912306	118.825945
1487596497	31.912306	118.825945
1487596501	31.912306	118.825945
1487596504	31.912306	118.825945
1487596507	31.912306	118.825945
1487596512	31.912306	118.825945
1487596517	31.912306	118.825945
1487596550	31.912306	118.825945
1487596583	31.912306	118.825945
1487596615	31.912306	118.825945
1487596634	32.099238	118.785019
1487596636	32.099238	118.785019
1487596641	32.099238	118.785019
1487596644	32.099238	118.785019
1487596647	32.099238	118.785019
1487596650	32.099238	118.785019
1487596652	32.099238	118.785019
1487596652	31.912306	118.825945
1487596655	32.099238	118.785019
1487596657	32.099238	118.785019
1487596660	32.099238	118.785019
1487596663	32.099238	118.785019
1487596665	32.099238	118.785019
1487596668	32.099238	118.785019
1487596671	32.099238	118.785019
1487596673	32.099238	118.785019
1487596677	32.099238	118.785019
1487596680	32.099238	118.785019
1487596682	32.099238	118.785019
1487596685	32.099238	118.785019
1487596687	32.099238	118.785019
1487596698	32.099238	118.785019
1487596705	32.099238	118.785019
1487596708	32.099238	118.785019
1487596711	32.099238	118.785019
1487596714	32.099238	118.785019
1487596717	32.099238	118.785019
1487596720	32.099238	118.785019
1487596723	32.099238	118.785019
1487596726	32.099238	118.785019
1487596745	32.099238	118.785019
1487596768	32.099238	118.785019
1487596860	32.099238	118.785019
1487596994	32.099238	118.785019
1487597026	32.099238	118.785019
1487597057	32.099238	118.785019
1487599672	31.912284	118.826784
1487599677	31.912284	118.826784
1487599680	31.912284	118.826784
1487599682	31.912284	118.826784
1487599685	31.912284	118.826784
1487599688	31.912284	118.826784
1487599690	31.912284	118.826784
1487599692	31.912284	118.826784
1487599695	31.912284	118.826784
1487599698	31.912284	118.826784
1487599701	31.912284	118.826784
1487599704	31.912284	118.826784
1487599707	31.912284	118.826784
1487599710	31.912284	118.826784
1487599717	31.912284	118.826784
1487599722	31.912284	118.826784
1487599727	31.912284	118.826784
1487599732	31.912284	118.826784
1487599737	31.912284	118.826784
1487599747	31.912284	118.826784
1487599766	31.912284	118.826784
1487599773	31.912284	118.826784
1487599779	31.912284	118.826784
1487599787	31.912284	118.826784
1487599797	31.912284	118.826784
1487599801	31.912284	118.826784
1487599807	31.912284	118.826784
1487599813	31.912284	118.826784
1487599821	31.912284	118.826784
1487599833	31.912284	118.826784
1487599840	31.912284	118.826784
1487599893	31.912284	118.826784
1487599935	31.912284	118.826784
1487599980	31.912284	118.826784
1487600017	31.912284	118.826784
1487600058	31.912284	118.826784
1487600100	31.912284	118.826784
1487600149	31.912284	118.826784
1487600194	31.912284	118.826784
1487600228	31.912284	118.826784
1487600272	31.912284	118.826784
1487600317	31.912284	118.826784
1487600351	31.912284	118.826784
1487600386	31.912284	118.826784
1487600418	31.912284	118.826784
1487600450	31.912284	118.826784
1487600488	31.912284	118.826784
1487600523	31.912284	118.826784
1487600556	31.912284	118.826784
1487600590	31.912284	118.826784
1487602373	32.092035	118.771223
1487602376	32.092035	118.771223
1487602385	32.092035	118.771223
1487602391	32.092035	118.771223
1487602400	32.092035	118.771223
1487602406	32.092035	118.771223
1487602411	32.092035	118.771223
1487602413	32.092035	118.771223
1487602416	32.092035	118.771223
1487602419	32.092035	118.771223
1487602422	32.092035	118.771223
1487602425	32.092035	118.771223
1487602429	32.092035	118.771223
1487602431	32.092035	118.771223
1487602434	32.092035	118.771223
1487602437	32.092035	118.771223
1487602441	32.092035	118.771223
1487602443	32.092035	118.771223
1487602447	32.092035	118.771223
1487602449	32.092035	118.771223
1487602452	32.092035	118.771223
1487602455	32.092035	118.771223
1487602458	32.092035	118.771223
1487602460	32.092035	118.771223
1487602463	32.092035	118.771223
1487602467	32.092035	118.771223
1487602469	32.092035	118.771223
1487602472	32.092035	118.771223
1487602474	32.092035	118.771223
1487602477	32.092035	118.771223
1487603843	31.91222	118.82689
1487603878	31.91222	118.82689
1487603913	31.91222	118.82689
1487603920	31.91222	118.82689
1487603923	31.91222	118.82689
1487603928	31.91222	118.82689
1487603937	31.91222	118.82689
1487603941	31.91222	118.82689
1487603945	31.91222	118.82689
1487603954	31.91222	118.82689
1487603962	31.91222	118.82689
1487603966	31.91222	118.82689
1487603969	31.91222	118.82689
1487603973	31.91222	118.82689
1487603979	31.91222	118.82689
1487603982	31.91222	118.82689
1487603986	31.91222	118.82689
1487603990	31.91222	118.82689
1487603993	31.91222	118.82689
1487604001	31.91222	118.82689
1487604006	31.91222	118.82689
1487604012	31.91222	118.82689
1487604016	31.91222	118.82689
1487604029	31.91222	118.82689
1487604042	31.91222	118.82689
1487604052	31.91222	118.82689
1487604058	31.91222	118.82689
1487604063	31.91222	118.82689
1487604069	31.91222	118.82689
1487604080	31.91222	118.82689
1487604099	31.91222	118.82689
1487604104	31.91222	118.82689
1487604110	31.91222	118.82689
1487604169	31.91222	118.82689
1487604212	31.91222	118.82689
1487604253	31.91222	118.82689
1487604287	31.91222	118.82689
1487604328	31.91222	118.82689
1487604362	31.91222	118.82689
1487604402	31.91222	118.82689
1487604451	31.91222	118.82689
1487604491	31.91222	118.82689
1487604529	31.91222	118.82689
1487604565	31.91222	118.82689
1487604601	31.91222	118.82689
1487607442	32.092035	118.771223
1487607445	32.092035	118.771223
1487607450	32.092035	118.771223
1487607452	32.092035	118.771223
1487607454	32.092035	118.771223
1487607456	32.092035	118.771223
1487607461	32.092035	118.771223
1487607463	32.092035	118.771223
1487607465	32.092035	118.771223
1487607468	32.092035	118.771223
1487607470	32.092035	118.771223
1487607474	32.092035	118.771223
1487607476	32.092035	118.771223
1487607478	32.092035	118.771223
1487607481	32.092035	118.771223
1487607484	32.092035	118.771223
1487607486	32.092035	118.771223
1487607489	32.092035	118.771223
1487607492	32.092035	118.771223
1487607494	32.092035	118.771223
1487607496	32.092035	118.771223
1487607501	32.092035	118.771223
1487607503	32.092035	118.771223
1487607506	32.092035	118.771223
1487607509	32.092035	118.771223
1487607512	32.092035	118.771223
1487607515	32.092035	118.771223
1487607519	32.092035	118.771223
1487607521	32.092035	118.771223
1487607524	32.092035	118.771223
1487607526	32.092035	118.771223
1487607559	32.092035	118.771223
1487607591	32.092035	118.771223
1487607622	32.092035	118.771223
1487607654	32.092035	118.771223
1487607686	32.092035	118.771223
1487607718	32.092035	118.771223
1487607755	32.092035	118.771223
1487607788	32.092035	118.771223
1487607822	32.092035	118.771223
1487607854	32.092035	118.771223
1487607885	32.092035	118.771223
1487607916	32.092035	118.771223
1487607948	32.092035	118.771223
1487607980	32.092035	118.771223
1487608013	32.092035	118.771223
1487608044	32.092035	118.771223
1487608076	32.092035	118.771223
1487608107	32.092035	118.771223
1487608139	32.092035	118.771223
1487608746	31.912139	118.826911
1487608780	31.912139	118.826911
1487608817	31.912139	118.826911
1487608827	31.912139	118.826911
1487608832	31.912139	118.826911
1487608836	31.912139	118.826911
1487608844	31.912139	118.826911
1487608848	31.912139	118.826911
1487608865	31.912139	118.826911
1487608870	31.912139	118.826911
1487608873	31.912139	118.826911
1487608880	31.912139	118.826911
1487608887	31.912139	118.826911
1487608891	31.912139	118.826911
1487608900	31.912139	118.826911
1487608904	31.912139	118.826911
1487608910	31.912139	118.826911
1487608914	31.912139	118.826911
1487608918	31.912139	118.826911
1487608922	31.912139	118.826911
1487608925	31.912139	118.826911
1487608929	31.912139	118.826911
1487608932	31.912139	118.826911
1487608935	31.912139	118.826911
1487608939	31.912139	118.826911
1487608944	31.912139	118.826911
1487608948	31.912139	118.826911
1487608951	31.912139	118.826911
1487608955	31.912139	118.826911
1487608959	31.912139	118.826911
1487608966	31.912139	118.826911
1487608972	31.912139	118.826911
1487608982	31.912139	118.826911
1487609030	31.912139	118.826911
1487609067	31.912139	118.826911
1487609114	31.912139	118.826911
1487609154	31.912139	118.826911
1487609190	31.912139	118.826911
1487609228	31.912139	118.826911
1487609266	31.912139	118.826911
1487609320	31.912139	118.826911
1487609364	31.912139	118.826911
1487609419	31.912139	118.826911
1487609454	31.912139	118.826911
1487609488	31.912139	118.826911
1487609525	31.912139	118.826911
1487609561	31.912139	118.826911
1487609597	31.912139	118.826911
1487609644	31.912139	118.826911
1487609714	31.912139	118.826911
1487611044	32.092035	118.771223
1487611047	32.092035	118.771223
1487611052	32.092035	118.771223
1487611055	32.092035	118.771223
1487611058	32.092035	118.771223
1487611062	32.092035	118.771223
1487611064	32.092035	118.771223
1487611067	32.092035	118.771223
1487611071	32.092035	118.771223
1487611073	32.092035	118.771223
1487611076	32.092035	118.771223
1487611079	32.092035	118.771223
1487611081	32.092035	118.771223
1487611084	32.092035	118.771223
1487611086	32.092035	118.771223
1487611089	32.092035	118.771223
1487611092	32.092035	118.771223
1487611095	32.092035	118.771223
1487611097	32.092035	118.771223
1487611102	32.092035	118.771223
1487611105	32.092035	118.771223
1487611107	32.092035	118.771223
1487611111	32.092035	118.771223
1487611114	32.092035	118.771223
1487611117	32.092035	118.771223
1487611121	32.092035	118.771223
1487611124	32.092035	118.771223
1487611127	32.092035	118.771223
1487611130	32.092035	118.771223
1487611132	32.092035	118.771223
1487611135	32.092035	118.771223
1487611170	32.092035	118.771223
1487611203	32.092035	118.771223
1487611235	32.092035	118.771223
1487611266	32.092035	118.771223
1487611302	32.092035	118.771223
1487611333	32.092035	118.771223
1487611365	32.092035	118.771223
1487611396	32.092035	118.771223
1487611428	32.092035	118.771223
1487611462	32.092035	118.771223
1487611494	32.092035	118.771223
1487611525	32.092035	118.771223
1487611559	32.092035	118.771223
1487611592	32.092035	118.771223
1487613506	32.092035	118.771223
1487613537	32.092035	118.771223
1487613541	32.092035	118.771223
1487613545	32.092035	118.771223
1487613547	32.092035	118.771223
1487613553	32.092035	118.771223
1487613555	32.092035	118.771223
1487613557	32.092035	118.771223
1487613561	32.092035	118.771223
1487613564	32.092035	118.771223
1487613566	32.092035	118.771223
1487613568	32.092035	118.771223
1487613572	32.092035	118.771223
1487613575	32.092035	118.771223
1487613578	32.092035	118.771223
1487613582	32.092035	118.771223
1487613586	32.092035	118.771223
1487613589	32.092035	118.771223
1487613593	32.092035	118.771223
1487613596	32.092035	118.771223
1487613601	32.092035	118.771223
1487613604	32.092035	118.771223
1487613607	32.092035	118.771223
1487613612	32.092035	118.771223
1487613615	32.092035	118.771223
1487613617	32.092035	118.771223
1487613621	32.092035	118.771223
1487613623	32.092035	118.771223
1487613626	32.092035	118.771223
1487613629	32.092035	118.771223
1487613632	32.092035	118.771223
1487613634	32.092035	118.771223
1487613668	32.092035	118.771223
1487613702	32.092035	118.771223
1487613762	32.092035	118.771223
1487613816	32.092035	118.771223
1487613849	32.092035	118.771223
1487613881	32.092035	118.771223
1487613912	32.092035	118.771223
1487613944	32.092035	118.771223
1487614607	31.91226	118.826885
1487614642	31.91226	118.826885
1487614645	31.91226	118.826885
1487614648	31.91226	118.826885
1487614651	31.91226	118.826885
1487614655	31.91226	118.826885
1487614658	31.91226	118.826885
1487614660	31.91226	118.826885
1487614664	31.91226	118.826885
1487614668	31.91226	118.826885
1487614671	31.91226	118.826885
1487614675	31.91226	118.826885
1487614678	31.91226	118.826885
1487614681	31.91226	118.826885
1487614688	31.91226	118.826885
1487614692	31.91226	118.826885
1487614697	31.91226	118.826885
1487614700	31.91226	118.826885
1487614706	31.91226	118.826885
1487614710	31.91226	118.826885
1487614716	31.91226	118.826885
1487614719	31.91226	118.826885
1487614722	31.91226	118.826885
1487614726	31.91226	118.826885
1487614733	31.91226	118.826885
1487614736	31.91226	118.826885
1487614740	31.91226	118.826885
1487614745	31.91226	118.826885
1487614749	31.91226	118.826885
1487614754	31.91226	118.826885
1487614760	31.91226	118.826885
1487614766	31.91226	118.826885
1487614802	31.91226	118.826885
1487614838	31.91226	118.826885
1487614874	31.91226	118.826885
1487614914	31.91226	118.826885
1487614947	31.91226	118.826885
1487614982	31.91226	118.826885
1487615014	31.91226	118.826885
1487615047	31.91226	118.826885
1487615085	31.91226	118.826885
1487615116	31.91226	118.826885
1487615148	31.91226	118.826885
1487615182	31.91226	118.826885
1487615221	31.91226	118.826885
1487615257	31.91226	118.826885
1487615290	31.91226	118.826885
1487615322	31.91226	118.826885
1487615355	31.91226	118.826885
1487615389	31.91226	118.826885
1487615430	31.91226	118.826885
1487615463	31.91226	118.826885
1487615503	31.91226	118.826885
1487615536	31.91226	118.826885
1487615570	31.91226	118.826885
1487615607	31.91226	118.826885
1487615640	31.91226	118.826885
1487615674	31.91226	118.826885
1487615706	31.91226	118.826885
1487615737	31.91226	118.826885
1487620347	32.092096	118.771255
1487620379	32.092096	118.771255
1487620418	32.092096	118.771255
1487620450	32.092096	118.771255
1487620488	32.092096	118.771255
1487620524	32.092096	118.771255
1487620560	32.092096	118.771255
1487620605	32.092096	118.771255
1487620639	32.092096	118.771255
1487620642	32.092096	118.771255
1487620644	32.092096	118.771255
1487620646	32.092096	118.771255
1487620651	32.092096	118.771255
1487620654	32.092096	118.771255
1487620656	32.092096	118.771255
1487620661	32.092096	118.771255
1487620663	32.092096	118.771255
1487620666	32.092096	118.771255
1487620668	32.092096	118.771255
1487620671	32.092096	118.771255
1487620674	32.092096	118.771255
1487620676	32.092096	118.771255
1487620679	32.092096	118.771255
1487620682	32.092096	118.771255
1487620684	32.092096	118.771255
1487620686	32.092096	118.771255
1487620688	32.092096	118.771255
1487620691	32.092096	118.771255
1487620693	32.092096	118.771255
1487620695	32.092096	118.771255
1487620697	32.092096	118.771255
1487620700	32.092096	118.771255
1487620703	32.092096	118.771255
1487620705	32.092096	118.771255
1487620707	32.092096	118.771255
1487620710	32.092096	118.771255
1487620712	32.092096	118.771255
1487620714	32.092096	118.771255
1487620716	32.092096	118.771255
1487620751	32.092096	118.771255
1487620786	32.092096	118.771255
1487620818	32.092096	118.771255
1487620875	32.092096	118.771255
1487620910	32.092096	118.771255
1487620941	32.092096	118.771255
1487620974	32.092096	118.771255
1487621008	32.092096	118.771255
1487621041	32.092096	118.771255
1487621074	32.092096	118.771255
1487621109	32.092096	118.771255
1487621153	32.092096	118.771255
1487621190	32.092096	118.771255
1487621222	32.092096	118.771255
1487621253	32.092096	118.771255
1487621284	32.092096	118.771255
1487621822	31.91226	118.826885
1487621855	31.91226	118.826885
1487621858	31.91226	118.826885
1487621862	31.91226	118.826885
1487621867	31.91226	118.826885
1487621874	31.91226	118.826885
1487621879	31.91226	118.826885
1487621883	31.91226	118.826885
1487621885	31.91226	118.826885
1487621889	31.91226	118.826885
1487621895	31.91226	118.826885
1487621897	31.91226	118.826885
1487621901	31.91226	118.826885
1487621905	31.91226	118.826885
1487621907	31.91226	118.826885
1487621910	31.91226	118.826885
1487621914	31.91226	118.826885
1487621916	31.91226	118.826885
1487621920	31.91226	118.826885
1487621924	31.91226	118.826885
1487621927	31.91226	118.826885
1487621929	31.91226	118.826885
1487621934	31.91226	118.826885
1487621936	31.91226	118.826885
1487621940	31.91226	118.826885
1487621944	31.91226	118.826885
1487621948	31.91226	118.826885
1487621951	31.91226	118.826885
1487621955	31.91226	118.826885
1487621959	31.91226	118.826885
1487621962	31.91226	118.826885
1487621965	31.91226	118.826885
1487622000	31.91226	118.826885
1487622033	31.91226	118.826885
1487622067	31.91226	118.826885
1487622103	31.91226	118.826885
1487622136	31.91226	118.826885
1487622169	31.91226	118.826885
1487622201	31.91226	118.826885
1487622233	31.91226	118.826885
1487622272	31.91226	118.826885
1487622307	31.91226	118.826885
1487622343	31.91226	118.826885
1487622378	31.91226	118.826885
1487622412	31.91226	118.826885
1487622452	31.91226	118.826885
1487622487	31.91226	118.826885
1487622520	31.91226	118.826885
1487622553	31.91226	118.826885
1487622598	31.91226	118.826885
1487625412	31.912181	118.826889
1487625443	31.912181	118.826889
1487625472	31.912195	118.826886
1487625475	31.912181	118.826889
1487625508	31.912181	118.826889
1487625510	31.912195	118.826886
1487625514	31.912195	118.826886
1487625523	31.912195	118.826886
1487625531	31.912195	118.826886
1487625539	31.912195	118.826886
1487625541	31.912181	118.826889
1487625543	31.912195	118.826886
1487625550	31.912195	118.826886
1487625552	31.912195	118.826886
1487625556	31.912195	118.826886
1487625560	31.912195	118.826886
1487625564	31.912195	118.826886
1487625568	31.912195	118.826886
1487625573	31.912181	118.826889
1487625574	31.912195	118.826886
1487625577	31.912195	118.826886
1487625581	31.912195	118.826886
1487625591	31.912195	118.826886
1487625595	31.912195	118.826886
1487625599	31.912195	118.826886
1487625605	31.912195	118.826886
1487625608	31.912181	118.826889
1487625608	31.912195	118.826886
1487625614	31.912195	118.826886
1487625621	31.912195	118.826886
1487625625	31.912195	118.826886
1487625629	31.912195	118.826886
1487625633	31.912195	118.826886
1487625637	31.912195	118.826886
1487625641	31.912195	118.826886
1487625642	31.912181	118.826889
1487625646	31.912195	118.826886
1487625655	31.912195	118.826886
1487625658	31.912195	118.826886
1487625662	31.912195	118.826886
1487625674	31.912181	118.826889
1487625704	31.912195	118.826886
1487625706	31.912181	118.826889
1487625737	31.912181	118.826889
1487625740	31.912195	118.826886
1487625771	31.912181	118.826889
1487625778	31.912195	118.826886
1487625803	31.912181	118.826889
1487625821	31.912195	118.826886
1487625837	31.912181	118.826889
1487625839	31.912181	118.826889
1487625842	31.912181	118.826889
1487625845	31.912181	118.826889
1487625847	31.912181	118.826889
1487625849	31.912181	118.826889
1487625852	31.912181	118.826889
1487625854	31.912181	118.826889
1487625857	31.912181	118.826889
1487625860	31.912181	118.826889
1487625864	31.912181	118.826889
1487625865	31.912195	118.826886
1487625866	31.912181	118.826889
1487625868	31.912181	118.826889
1487625870	31.912181	118.826889
1487625874	31.912181	118.826889
1487625876	31.912181	118.826889
1487625879	31.912181	118.826889
1487625881	31.912181	118.826889
1487625884	31.912181	118.826889
1487625887	31.912181	118.826889
1487625889	31.912181	118.826889
1487625891	31.912181	118.826889
1487625894	31.912181	118.826889
1487625896	31.912181	118.826889
1487625899	31.912181	118.826889
1487625901	31.912181	118.826889
1487625901	31.912195	118.826886
1487625904	31.912181	118.826889
1487625906	31.912181	118.826889
1487625909	31.912181	118.826889
1487625912	31.912181	118.826889
1487625917	31.912181	118.826889
1487625938	31.912195	118.826886
1487625949	31.912181	118.826889
1487625981	31.912181	118.826889
1487625983	31.912195	118.826886
1487626019	31.912181	118.826889
1487626050	31.912181	118.826889
1487626083	31.912181	118.826889
1487626115	31.912181	118.826889
1487626148	31.912181	118.826889
1487626183	31.912181	118.826889
1487626216	31.912181	118.826889
1487626251	31.912181	118.826889
1487626285	31.912181	118.826889
1487626319	31.912181	118.826889
1487626355	31.912181	118.826889
1487626388	31.912181	118.826889
1487626420	31.912181	118.826889
1487626452	31.912181	118.826889
1487629086	31.912182	118.826928
1487629091	31.912182	118.826928
1487629093	31.912182	118.826928
1487629096	31.912182	118.826928
1487629100	31.912182	118.826928
1487629103	31.912182	118.826928
1487629105	31.912182	118.826928
1487629108	31.912182	118.826928
1487629111	31.912182	118.826928
1487629114	31.912182	118.826928
1487629117	31.912182	118.826928
1487629121	31.912182	118.826928
1487629123	31.912182	118.826928
1487629126	31.912182	118.826928
1487629128	31.912182	118.826928
1487629130	31.912182	118.826928
1487629134	31.912182	118.826928
1487629136	31.912182	118.826928
1487629138	31.912182	118.826928
1487629141	31.912182	118.826928
1487629144	31.912182	118.826928
1487629145	31.912182	118.826928
1487629148	31.912182	118.826928
1487629150	31.912182	118.826928
1487629153	31.912182	118.826928
1487629155	31.912182	118.826928
1487629158	31.912182	118.826928
1487629160	31.912182	118.826928
1487629163	31.912182	118.826928
1487629165	31.912182	118.826928
1487636233	31.912182	118.826928
1487636295	31.912182	118.826928
1487636297	31.912182	118.826928
1487636299	31.912182	118.826928
1487636304	31.912182	118.826928
1487636307	31.912182	118.826928
1487636310	31.912182	118.826928
1487636313	31.912182	118.826928
1487636317	31.912182	118.826928
1487636320	31.912182	118.826928
1487636324	31.912182	118.826928
1487636328	31.912182	118.826928
1487636332	31.912182	118.826928
1487636334	31.912182	118.826928
1487636339	31.912182	118.826928
1487636342	31.912182	118.826928
1487636345	31.912182	118.826928
1487636350	31.912182	118.826928
1487636352	31.912182	118.826928
1487636354	31.912182	118.826928
1487636357	31.912182	118.826928
1487636362	31.912182	118.826928
1487636365	31.912182	118.826928
1487636368	31.912182	118.826928
1487636371	31.912182	118.826928
1487636375	31.912182	118.826928
1487636380	31.912182	118.826928
1487636383	31.912182	118.826928
1487636386	31.912182	118.826928
1487636391	31.912182	118.826928
1487636394	31.912182	118.826928
1487636397	31.912182	118.826928
1487636433	31.912182	118.826928
1487636469	31.912182	118.826928
1487636503	31.912182	118.826928
1487636539	31.912182	118.826928
1487636572	31.912182	118.826928
1487636607	31.912182	118.826928
1487636642	31.912182	118.826928
1487636676	31.912182	118.826928
1487636712	31.912182	118.826928
1487636744	31.912182	118.826928
1487636778	31.912182	118.826928
1487636812	31.912182	118.826928
1487636847	31.912182	118.826928
1487638347	31.912185	118.826917
1487638379	31.912185	118.826917
1487638381	31.912185	118.826917
1487638384	31.912185	118.826917
1487638387	31.912185	118.826917
1487638390	31.912185	118.826917
1487638392	31.912185	118.826917
1487638395	31.912185	118.826917
1487638398	31.912185	118.826917
1487638400	31.912185	118.826917
1487638403	31.912185	118.826917
1487638405	31.912185	118.826917
1487638409	31.912185	118.826917
1487638412	31.912185	118.826917
1487638414	31.912185	118.826917
1487638417	31.912185	118.826917
1487638420	31.912185	118.826917
1487638422	31.912185	118.826917
1487638425	31.912185	118.826917
1487638427	31.912185	118.826917
1487638430	31.912185	118.826917
1487638433	31.912185	118.826917
1487638435	31.912185	118.826917
1487638437	31.912185	118.826917
1487638441	31.912185	118.826917
1487638443	31.912185	118.826917
1487638446	31.912185	118.826917
1487638450	31.912185	118.826917
1487638452	31.912185	118.826917
1487638456	31.912185	118.826917
1487638460	31.912185	118.826917
1487638463	31.912185	118.826917
1487638499	31.912185	118.826917
1487638533	31.912185	118.826917
1487638568	31.912185	118.826917
1487638604	31.912185	118.826917
1487638640	31.912185	118.826917
1487638674	31.912185	118.826917
1487638711	31.912185	118.826917
1487638746	31.912185	118.826917
1487638785	31.912185	118.826917
1487638820	31.912185	118.826917
1487638855	31.912185	118.826917
1487638889	31.912185	118.826917
1487638923	31.912185	118.826917
1487638960	31.912185	118.826917
1487638996	31.912185	118.826917
1487639030	31.912185	118.826917
1487639067	31.912185	118.826917
1487639101	31.912185	118.826917
1487639146	31.912185	118.826917
1487639180	31.912185	118.826917
1487639214	31.912185	118.826917
1487639252	31.912185	118.826917
1487639287	31.912185	118.826917
1487639327	31.912185	118.826917
1487639362	31.912185	118.826917
1487639397	31.912185	118.826917
1487639431	31.912185	118.826917
1487639465	31.912185	118.826917
1487643474	31.912189	118.82689
1487643513	31.912189	118.82689
1487643517	31.912189	118.82689
1487643522	31.912189	118.82689
1487643527	31.912189	118.82689
1487643536	31.912189	118.82689
1487643545	31.912189	118.82689
1487643557	31.912189	118.82689
1487643561	31.912189	118.82689
1487643567	31.912189	118.82689
1487643571	31.912189	118.82689
1487643576	31.912189	118.82689
1487643584	31.912189	118.82689
1487643591	31.912189	118.82689
1487643597	31.912189	118.82689
1487643600	31.912189	118.82689
1487643606	31.912189	118.82689
1487643612	31.912189	118.82689
1487643621	31.912189	118.82689
1487643625	31.912189	118.82689
1487643631	31.912189	118.82689
1487643634	31.912189	118.82689
1487643639	31.912189	118.82689
1487643644	31.912189	118.82689
1487643650	31.912189	118.82689
1487643657	31.912189	118.82689
1487643665	31.912189	118.82689
1487643672	31.912189	118.82689
1487643675	31.912189	118.82689
1487643683	31.912189	118.82689
1487643689	31.912189	118.82689
1487643693	31.912189	118.82689
1487643732	31.912189	118.82689
1487643768	31.912189	118.82689
1487643808	31.912189	118.82689
1487643853	31.912189	118.82689
1487643890	31.912189	118.82689
1487643926	31.912189	118.82689
1487643959	31.912189	118.82689
1487643993	31.912189	118.82689
1487644030	31.912189	118.82689
1487644065	31.912189	118.82689
1487644099	31.912189	118.82689
1487644133	31.912189	118.82689
1487644168	31.912189	118.82689
1487644205	31.912189	118.82689
1487644241	31.912189	118.82689
1487644281	31.912189	118.82689
1487644321	31.912189	118.82689
1487644356	31.912189	118.82689
1487646913	31.91223	118.825998
1487646917	31.91223	118.825998
1487646920	31.91223	118.825998
1487646923	31.91223	118.825998
1487646926	31.91223	118.825998
1487646929	31.91223	118.825998
1487646937	31.91223	118.825998
1487646939	31.91223	118.825998
1487646942	31.91223	118.825998
1487646946	31.91223	118.825998
1487646949	31.91223	118.825998
1487646952	31.91223	118.825998
1487646957	31.91223	118.825998
1487646960	31.91223	118.825998
1487646963	31.91223	118.825998
1487646966	31.91223	118.825998
1487646969	31.91223	118.825998
1487646972	31.91223	118.825998
1487646976	31.91223	118.825998
1487646979	31.91223	118.825998
1487646982	31.91223	118.825998
1487646986	31.91223	118.825998
1487646990	31.91223	118.825998
1487646993	31.91223	118.825998
1487646999	31.91223	118.825998
1487647002	31.91223	118.825998
1487647006	31.91223	118.825998
1487647010	31.91223	118.825998
1487647014	31.91223	118.825998
1487647017	31.91223	118.825998
1487647024	31.91223	118.825998
1487647068	31.91223	118.825998
1487647110	31.91223	118.825998
1487647147	31.91223	118.825998
1487647186	31.91223	118.825998
1487647233	31.91223	118.825998
1487647283	31.91223	118.825998
1487647319	31.91223	118.825998
1487647357	31.91223	118.825998
1487647395	31.91223	118.825998
1487647441	31.91223	118.825998
1487647481	31.91223	118.825998
1487647521	31.91223	118.825998
1487647557	31.91223	118.825998
1487647597	31.91223	118.825998
1487647646	31.91223	118.825998
1487647685	31.91223	118.825998
1487647720	31.91223	118.825998
1487647757	31.91223	118.825998
1487647791	31.91223	118.825998
1487647827	31.91223	118.825998
1487647862	31.91223	118.825998
1487647897	31.91223	118.825998
1487647935	31.91223	118.825998
1487647973	31.91223	118.825998
1487648014	31.91223	118.825998
1487648050	31.91223	118.825998
1487648083	31.91223	118.825998
1487648118	31.91223	118.825998
1487648155	31.91223	118.825998
1487650615	31.912163	118.825848
1487650648	31.912163	118.825848
1487650651	31.912163	118.825848
1487650655	31.912163	118.825848
1487650657	31.912163	118.825848
1487650660	31.912163	118.825848
1487650663	31.912163	118.825848
1487650666	31.912163	118.825848
1487650669	31.912163	118.825848
1487650672	31.912163	118.825848
1487650675	31.912163	118.825848
1487650678	31.912163	118.825848
1487650681	31.912163	118.825848
1487650685	31.912163	118.825848
1487650688	31.912163	118.825848
1487650691	31.912163	118.825848
1487650695	31.912163	118.825848
1487650698	31.912163	118.825848
1487650702	31.912163	118.825848
1487650706	31.912163	118.825848
1487650709	31.912163	118.825848
1487650713	31.912163	118.825848
1487650717	31.912163	118.825848
1487650720	31.912163	118.825848
1487650728	31.912163	118.825848
1487650731	31.912163	118.825848
1487650735	31.912163	118.825848
1487650740	31.912163	118.825848
1487650745	31.912163	118.825848
1487650748	31.912163	118.825848
1487650751	31.912163	118.825848
1487650755	31.912163	118.825848
1487650789	31.912163	118.825848
1487650822	31.912163	118.825848
1487650856	31.912163	118.825848
1487650890	31.912163	118.825848
1487650922	31.912163	118.825848
1487650956	31.912163	118.825848
1487650994	31.912163	118.825848
1487651031	31.912163	118.825848
