1487641413	31.549045	120.24366166666665
1487641421	33.335723333333334	119.56646833333335
1487641421	33.335723333333334	119.56646833333335
1487641448	31.549218333333336	120.24382666666666
1487641452	33.33577666666667	119.56662999999999
1487641452	33.33577666666667	119.56662999999999
1487641482	33.33574833333333	119.56645333333333
1487641482	33.33574833333333	119.56645333333333
1487641487	31.549120000000002	120.24395833333334
1487641513	33.335683333333336	119.566495
1487641513	33.335683333333336	119.566495
1487641524	31.549228333333335	120.24419666666667
1487641550	33.335741666666664	119.56655500000001
1487641550	33.335741666666664	119.56655500000001
1487641559	31.548889999999997	120.24421166666667
1487641583	33.335746666666665	119.56651666666667
1487641583	33.335746666666665	119.56651666666667
1487641595	31.54857833333333	120.24485166666666
1487641623	33.33562166666666	119.56660666666667
1487641623	33.33562166666666	119.56660666666667
1487641631	31.548916666666667	120.24439166666667
1487641656	33.335715	119.56638999999998
1487641656	33.335715	119.56638999999998
1487641669	31.548661666666664	120.244565
1487641687	33.33560833333333	119.56640166666666
1487641687	33.33560833333333	119.56640166666666
1487641718	33.33565333333333	119.566365
1487641718	33.33565333333333	119.566365
1487641721	31.5487	120.24483000000001
1487641749	33.33565333333333	119.566365
1487641749	33.33565333333333	119.566365
1487641755	31.548765000000003	120.24492166666666
1487641786	33.33562666666667	119.56634833333334
1487641786	33.33562666666667	119.56634833333334
1487641794	31.548873333333336	120.24388166666668
1487641817	33.33562666666667	119.56641499999999
1487641817	33.33562666666667	119.56641499999999
1487641831	31.548463	120.246261
1487641847	33.335675	119.56631666666665
1487641847	33.335675	119.56631666666665
1487641869	31.548435	120.246452
1487641903	31.548435	120.246452
1487641945	31.548435	120.246452
1487641980	31.547811666666668	120.24642999999999
1487642014	31.547878333333333	120.24648166666665
1487642051	31.547941666666663	120.246515
1487642091	31.54804166666667	120.24645666666666
1487644284	31.538283333333332	120.27586666666666
1487644365	31.538266666666665	120.275835
1487644382	33.33571666666667	119.56646333333335
1487644384	33.33581166666667	119.56644499999999
1487644385	33.33566166666667	119.56644833333333
1487644387	33.33576166666667	119.56643333333335
1487644389	33.335771666666666	119.56642333333333
1487644391	33.33581166666667	119.56643166666666
1487644392	33.33582666666667	119.56642333333333
1487644394	33.33582166666667	119.56641499999999
1487644396	33.33582333333333	119.56641166666668
1487644397	33.335825	119.56641833333333
1487644404	33.33582666666667	119.56642500000001
1487644406	33.33581166666667	119.5664
1487644409	33.335815000000004	119.56639500000001
1487644411	33.33580166666666	119.56642166666667
1487644414	33.335791666666665	119.56645166666667
1487644416	33.33576666666667	119.56647666666667
1487644418	33.33576166666667	119.566495
1487644420	33.335746666666665	119.56651166666667
1487644424	33.335741666666664	119.56652333333335
1487644425	33.335735	119.56650166666668
1487644429	33.33573666666667	119.56649
1487644432	33.33578	119.56644666666668
1487644435	33.335825	119.56639333333332
1487644437	33.33587166666667	119.56633500000001
1487644439	33.33588666666667	119.566315
1487644442	33.33589333333334	119.56631166666666
1487644444	33.335879999999996	119.56631
1487644445	33.335875	119.56631
1487644446	31.538266666666665	120.275835
1487644448	33.335875	119.56631
1487644450	33.335836666666665	119.56634833333334
1487644452	33.33582833333333	119.56635833333333
1487644485	33.33588333333333	119.566295
1487644510	31.538231666666668	120.27587333333334
1487644515	33.33574833333333	119.56643666666666
1487644546	31.538231666666668	120.27587333333334
1487644546	33.335773333333336	119.56647333333333
1487644577	33.33571166666666	119.56653999999999
1487644588	31.538231666666668	120.27587333333334
1487644609	33.335746666666665	119.56651666666667
1487644629	31.538231666666668	120.27587333333334
1487644637	31.538223333333335	120.27590666666669
1487644639	33.335744999999996	119.56642666666667
1487644646	31.538223333333335	120.27590666666669
1487644651	31.538223333333335	120.27590666666669
1487644660	31.538223333333335	120.27590666666669
1487644666	31.538223333333335	120.27590666666669
1487644671	33.335771666666666	119.56649999999999
1487644674	31.538223333333335	120.27590666666669
1487644686	31.538223333333335	120.27590666666669
1487644695	31.538223333333335	120.27590666666669
1487644701	31.538223333333335	120.27590666666669
1487644702	33.335775	119.56641333333333
1487644718	31.538117	120.276113
1487644724	31.538223333333335	120.27590666666669
1487644733	31.538223333333335	120.27590666666669
1487644733	33.335775	119.56643166666666
1487644742	31.538223333333335	120.27590666666669
1487644755	31.538223333333335	120.27590666666669
1487644763	31.538223333333335	120.27590666666669
1487644765	33.335785	119.56644
1487644773	31.538223333333335	120.27590666666669
1487644779	31.538223333333335	120.27590666666669
1487644785	31.538223333333335	120.27590666666669
1487644795	31.538223333333335	120.27590666666669
1487644795	33.33583333333333	119.56643166666666
1487644800	31.538223333333335	120.27590666666669
1487644806	31.538223333333335	120.27590666666669
1487644811	31.538223333333335	120.27590666666669
1487644824	31.538223333333335	120.27590666666669
1487644826	33.335858333333334	119.56650499999999
1487644830	31.538223333333335	120.27590666666669
1487644843	31.538223333333335	120.27590666666669
1487644855	31.538223333333335	120.27590666666669
1487644857	33.33578166666667	119.56648833333333
1487644862	31.538223333333335	120.27590666666669
1487644871	31.538223333333335	120.27590666666669
1487644878	31.538223333333335	120.27590666666669
1487644884	31.538223333333335	120.27590666666669
1487644888	33.33562	119.56651166666667
1487644920	33.33555	119.56646333333335
1487644927	31.538223333333335	120.27590666666669
1487644950	33.335654999999996	119.56644166666668
1487644961	31.538223333333335	120.27590666666669
1487644981	33.335681666666666	119.56646500000001
1487644996	31.538223333333335	120.27590666666669
1487645012	33.33573166666667	119.56643666666666
1487645032	31.538223333333335	120.27590666666669
1487645043	33.33582	119.56671166666665
1487645070	31.538235	120.27591166666667
1487645075	33.335858333333334	119.56642666666667
1487645106	33.33579833333333	119.56661833333334
1487645107	31.53823	120.27591166666667
1487645137	33.335915	119.56654333333333
1487645151	31.53823	120.27591166666667
1487645168	33.335861666666666	119.566545
1487645193	31.538221666666665	120.275925
1487645198	33.33578833333333	119.56652666666666
1487645230	33.335775	119.56648833333333
1487645234	31.538221666666665	120.275925
1487645261	33.33580666666667	119.56649166666666
1487645273	31.538221666666665	120.275925
1487645291	33.33569333333333	119.566545
1487645309	31.538221666666665	120.275925
1487645322	33.33570833333333	119.56655
1487645351	31.538221666666665	120.275925
1487645353	33.33571166666666	119.56644833333333
1487645388	31.538221666666665	120.275925
1487645427	31.538221666666665	120.275925
1487645464	31.538221666666665	120.275925
1487645499	31.538221666666665	120.275925
1487645539	31.538221666666665	120.275925
1487645574	31.538221666666665	120.275925
1487645611	31.538221666666665	120.275925
1487645654	31.538221666666665	120.275925
1487645698	31.538221666666665	120.275925
1487645734	31.538221666666665	120.275925
1487645777	31.538221666666665	120.275925
1487647812	31.538253333333333	120.27598166666667
1487647854	31.538248333333332	120.27595333333332
1487647889	31.538248333333332	120.27595333333332
1487647933	31.538248333333332	120.27595333333332
1487647972	31.538248333333332	120.27595333333332
1487648011	31.538248333333332	120.27595333333332
1487648050	31.538248333333332	120.27595333333332
1487648093	31.538248333333332	120.27595333333332
1487648129	31.53823	120.27592166666666
1487648164	31.53823	120.27592166666666
1487648200	31.538213333333335	120.27594666666667
1487648239	31.538213333333335	120.27594666666667
1487648275	31.538206666666664	120.27591833333332
1487648313	31.538206666666664	120.27591833333332
1487648346	31.538206666666664	120.27591833333332
1487648382	31.538206666666664	120.27591833333332
1487648416	31.538206666666664	120.27591833333332
1487648457	31.538206666666664	120.27591833333332
1487648497	31.538206666666664	120.27591833333332
1487648531	31.538168333333335	120.27597666666666
1487648567	31.538203333333332	120.27598666666667
1487648611	31.53815833333333	120.27598000000002
1487648649	31.53815833333333	120.27598666666667
1487648685	31.538236666666663	120.27589333333331
1487648722	31.538236666666663	120.27589333333331
1487648759	31.538256666666665	120.27588499999999
1487648794	31.538256666666665	120.27588499999999
1487648832	31.538221666666665	120.27592833333334
1487648869	31.538206666666664	120.27595833333335
1487648910	31.538205	120.27596666666668
1487650172	31.538085000000002	120.276055
1487650274	31.538216666666667	120.27595000000001
1487650327	31.538216666666667	120.27595000000001
1487650341	31.538216666666667	120.27595000000001
1487650346	31.538216666666667	120.27595000000001
1487650355	31.538216666666667	120.27595000000001
1487650364	31.538216666666667	120.27595000000001
1487650371	31.538216666666667	120.27595000000001
1487650377	31.538216666666667	120.27595000000001
1487650384	31.538216666666667	120.27595000000001
1487650392	31.538216666666667	120.27595000000001
1487650399	31.538216666666667	120.27595000000001
1487650406	31.538216666666667	120.27595000000001
1487650413	31.538216666666667	120.27595000000001
1487650419	31.538216666666667	120.27595000000001
1487650425	31.538216666666667	120.27595000000001
1487650435	31.538216666666667	120.27595000000001
1487650443	31.538216666666667	120.27595000000001
1487650449	31.538216666666667	120.27595000000001
1487650460	31.538216666666667	120.27595000000001
1487650469	31.538155	120.27598666666667
1487650476	31.538165000000003	120.27596999999999
1487650481	31.538165000000003	120.27596999999999
1487650491	31.538165000000003	120.27596999999999
1487650501	31.538168333333335	120.27594166666668
1487650515	31.538166666666665	120.27594166666668
1487650521	31.538166666666665	120.27594166666668
1487650528	31.538166666666665	120.27594166666668
1487650538	31.538166666666665	120.27594166666668
1487650544	31.538166666666665	120.27594166666668
1487650553	31.538166666666665	120.27594166666668
1487650558	31.538166666666665	120.27594166666668
1487650594	31.538166666666665	120.27594166666668
1487650631	31.538161666666664	120.27595666666666
1487650668	31.538161666666664	120.27595666666666
1487650702	31.538161666666664	120.27595666666666
1487650738	31.538161666666664	120.27595666666666
1487650777	31.538161666666664	120.27595666666666
1487650815	31.538161666666664	120.27595666666666
1487650850	31.538161666666664	120.27595666666666
1487650892	31.538161666666664	120.27595666666666
1487650929	31.538161666666664	120.27595666666666
1487650968	31.538191666666663	120.27591833333332
1487651004	31.538191666666663	120.27591833333332
1487651039	31.538191666666663	120.27591833333332
1487651073	31.538191666666663	120.27591833333332
1487651107	31.538191666666663	120.27591833333332
1487651145	31.538191666666663	120.27591833333332
1487651180	31.538191666666663	120.27591833333332
1487651216	31.538191666666663	120.27591833333332
1487651253	31.538191666666663	120.27591833333332
1487651289	31.538191666666663	120.27591833333332
1487651324	31.538191666666663	120.27591833333332
1487651360	31.538191666666663	120.27591833333332
1487651398	31.538191666666663	120.27591833333332
1487651434	31.538191666666663	120.27591833333332
1487651471	31.538191666666663	120.27591833333332
1487651512	31.538191666666663	120.27591833333332
1487651603	31.538176666666665	120.27593
1487651695	31.53823	120.27589166666667
