1487628160	31.94904	120.21882833333332
1487628242	31.949348333333333	120.21958500000001
1487628340	31.949703333333332	120.22023666666668
1487628450	31.949763333333333	120.22040833333334
1487629658	31.949223333333332	120.21925000000002
1487629693	31.949085	120.21901000000001
1487629731	31.949080000000002	120.219355
1487629773	31.94907	120.21936333333333
1487629818	31.94907	120.21936333333333
1487629853	31.949153333333335	120.21908
1487629897	31.949078333333333	120.21923833333334
1487629933	31.949115	120.21903833333333
1487629973	31.949175	120.219325
1487630017	31.949099999999998	120.21913666666666
1487630055	31.949125000000002	120.21911166666665
1487630096	31.94934333333333	120.21953333333335
1487630135	31.94973166666667	120.22015333333333
1487630173	31.94979	120.22031
1487630207	31.94979	120.22031
1487630244	31.94979	120.22031
1487630280	31.949808333333333	120.22039833333335
1487630321	31.949808333333333	120.22039833333335
1487630359	31.949808333333333	120.22039833333335
1487630437	31.94980666666667	120.22036833333335
1487630529	31.94966833333334	120.220015
1487630611	31.94916166666667	120.21937000000001
1487630689	31.94934	120.22002333333333
1487630770	31.949155000000005	120.21967000000001
1487630858	31.949153333333335	120.21946666666666
1487630931	31.94937333333333	120.22006333333333
1487631012	31.94980333333333	120.22039666666666
1487631099	31.94980333333333	120.22039666666666
1487631177	31.949811666666665	120.22039000000001
1487631213	31.94980666666667	120.22042333333333
1487632454	31.954788333333333	120.20590333333332
1487632518	31.954788333333333	120.20590333333332
1487632557	31.954788333333333	120.20590333333332
1487632599	31.954788333333333	120.20590333333332
1487632647	31.95492	120.20574666666668
1487632700	31.95491666666667	120.2058
1487632802	31.954863333333332	120.20570166666667
1487632807	31.954821666666664	120.20567666666666
1487632822	31.954821666666664	120.20567333333332
1487632830	31.954853333333336	120.20574
1487632844	31.954853333333336	120.20574333333334
1487632854	31.954853333333336	120.20574333333334
1487632861	31.954853333333336	120.20574333333334
1487632870	31.954838333333335	120.20570500000001
1487632881	31.954836666666665	120.205715
1487632907	31.95482	120.20576333333332
1487632915	31.95482	120.20578333333333
1487632922	31.95482833333333	120.20573666666665
1487632931	31.954824999999996	120.20573666666665
1487632941	31.954824999999996	120.20573666666665
1487632948	31.954824999999996	120.20573666666665
1487632953	31.954824999999996	120.20573666666665
1487632967	31.954824999999996	120.20573666666665
1487632975	31.95485833333333	120.20574833333333
1487632981	31.954848333333334	120.20575
1487632987	31.954848333333334	120.20575
1487632997	31.954848333333334	120.20575
1487633011	31.954848333333334	120.20575
1487633016	31.954848333333334	120.20575
1487633026	31.954848333333334	120.20575
1487633064	31.954848333333334	120.20575
1487633104	31.954848333333334	120.20575
1487633137	31.954833333333333	120.205645
1487633178	31.954803333333334	120.20563333333332
1487633218	31.954824999999996	120.20571166666666
1487633257	31.954836666666665	120.205745
1487633297	31.954845	120.20561833333335
1487633334	31.954811666666668	120.20564333333331
1487633377	31.954811666666668	120.20564333333331
1487633418	31.954811666666668	120.20564333333331
1487633454	31.954811666666668	120.20564333333331
1487633489	31.954794999999997	120.20565166666665
1487633524	31.954914999999996	120.20561833333335
1487633560	31.95481	120.20566666666667
1487633595	31.95478666666667	120.20566
1487633628	31.95478666666667	120.20566
1487633662	31.95482833333333	120.20568166666665
1487633706	31.95482833333333	120.20568166666665
1487633742	31.954866666666664	120.20567833333334
1487633777	31.954878333333333	120.20564
1487633816	31.95482833333333	120.20565
1487633853	31.954836666666665	120.205715
1487633902	31.954855	120.20566666666667
1487633939	31.954896666666667	120.20574166666665
1487633977	31.954974999999997	120.20568833333333
1487634009	31.955178333333333	120.20561500000001
1487634044	31.955125	120.205555
1487635047	31.955323333333332	120.20567833333334
1487635055	31.95533833333333	120.20576166666666
1487635063	31.955328333333334	120.20579666666666
1487635071	31.955360000000002	120.20584
1487635084	31.955388333333335	120.20586666666668
1487635101	31.955423333333336	120.20592166666665
1487635121	31.955460000000002	120.20596166666668
1487635128	31.955435000000005	120.20592
1487635138	31.955385	120.20583833333333
1487635157	31.955333333333336	120.20584500000001
1487635165	31.955188333333332	120.205855
1487635174	31.955148333333334	120.205835
1487635176	31.955025	120.20573
1487635179	31.955041666666663	120.20572500000002
1487635181	31.95505166666667	120.20572333333332
1487635184	31.95505166666667	120.20572333333332
1487635188	31.95505166666667	120.20572333333332
1487635190	31.95505166666667	120.20572333333332
1487635204	31.95505166666667	120.20572333333332
1487635242	31.95505166666667	120.20572333333332
1487635291	31.954846666666672	120.20547
1487635323	31.954929999999997	120.20553833333334
1487635372	31.954868333333334	120.205535
1487635406	31.954966666666664	120.20551666666667
1487635444	31.955016666666666	120.205585
1487635475	31.95498166666666	120.20553999999998
1487635506	31.95502666666666	120.20559833333333
1487635621	31.955108333333335	120.20556333333334
1487635661	31.954996666666663	120.205495
1487635708	31.955049999999996	120.20537666666665
1487635746	31.95481666666667	120.20535
1487635793	31.954700000000003	120.20540166666666
1487635829	31.95486166666667	120.20547
1487635866	31.95490666666667	120.20556666666668
1487635905	31.954958333333334	120.20559
1487635941	31.95511333333333	120.20556499999999
1487635978	31.955073333333335	120.20565166666665
1487636019	31.955251666666662	120.20568499999999
1487636056	31.955208333333335	120.20568499999999
1487636089	31.955333333333336	120.205715
1487636120	31.95531	120.20569166666668
1487636151	31.955066666666667	120.20568499999999
1487636182	31.95499	120.20581500000002
1487636215	31.95499	120.20581500000002
1487636248	31.95499	120.20581500000002
1487636284	31.95499	120.20581500000002
1487636315	31.95499	120.20581500000002
1487636346	31.954996666666663	120.20568333333334
1487636377	31.955048333333334	120.20573166666667
1487637298	31.955088333333332	120.20575500000001
1487637329	31.955101666666664	120.20575666666667
1487637361	31.955101666666664	120.20575666666667
1487637397	31.955101666666664	120.20575666666667
1487637428	31.955101666666664	120.20575666666667
1487637460	31.955101666666664	120.20575666666667
1487637491	31.955101666666664	120.20575666666667
1487637523	31.955101666666664	120.20575666666667
1487637526	31.955101666666664	120.20575666666667
1487637528	31.955101666666664	120.20575666666667
1487637530	31.955101666666664	120.20575666666667
1487637532	31.955101666666664	120.20575666666667
1487637534	31.955101666666664	120.20575666666667
1487637536	31.955101666666664	120.20575666666667
1487637537	31.955101666666664	120.20575666666667
1487637539	31.955101666666664	120.20575666666667
1487637541	31.955101666666664	120.20575666666667
1487637543	31.955101666666664	120.20575666666667
1487637545	31.955101666666664	120.20575666666667
1487637547	31.955101666666664	120.20575666666667
1487637549	31.955101666666664	120.20575666666667
1487637551	31.955101666666664	120.20575666666667
1487637553	31.955101666666664	120.20575666666667
1487637555	31.955101666666664	120.20575666666667
1487637557	31.955101666666664	120.20575666666667
1487637559	31.955101666666664	120.20575666666667
1487637560	31.955101666666664	120.20575666666667
1487637563	31.955101666666664	120.20575666666667
1487637565	31.955101666666664	120.20575666666667
1487637567	31.955101666666664	120.20575666666667
1487637569	31.955101666666664	120.20575666666667
1487637572	31.955101666666664	120.20575666666667
1487637574	31.955101666666664	120.20575666666667
1487637576	31.955101666666664	120.20575666666667
1487637580	31.955101666666664	120.20575666666667
1487637585	31.955101666666664	120.20575666666667
1487637588	31.955101666666664	120.20575666666667
1487637590	31.955101666666664	120.20575666666667
1487637622	31.955101666666664	120.20575666666667
1487637653	31.955101666666664	120.20575666666667
1487637684	31.955101666666664	120.20575666666667
1487637715	31.955101666666664	120.20575666666667
1487637753	31.955101666666664	120.20575666666667
1487637792	31.955101666666664	120.20575666666667
1487637824	31.955435000000005	120.20583166666665
1487637855	31.955343333333335	120.20586166666665
1487637886	31.955343333333335	120.20586166666665
1487640461	32.07998166666666	120.39988833333334
1487640468	32.07990666666667	120.39982
1487640479	32.079881666666665	120.39979166666666
1487640488	32.07979833333333	120.39974833333332
1487640547	32.079793333333335	120.39974833333332
1487640552	32.07978166666667	120.39977666666667
1487640564	32.07978166666667	120.39977666666667
1487640574	32.07978166666667	120.39977666666667
1487640584	32.07978166666667	120.39977666666667
1487640595	32.07978166666667	120.39977666666667
1487640608	32.07978166666667	120.39977666666667
1487640617	32.07978166666667	120.39977666666667
1487640626	32.07978166666667	120.39977666666667
1487640635	32.07978166666667	120.39977666666667
1487640646	32.07978166666667	120.39977666666667
1487640656	32.07978166666667	120.39977666666667
1487640667	32.07978166666667	120.39977666666667
1487640682	32.07978166666667	120.39977666666667
1487640694	32.07978166666667	120.39977666666667
1487640703	32.07978166666667	120.39977666666667
1487640710	32.07978166666667	120.39977666666667
1487640719	32.07978166666667	120.39977666666667
1487640727	32.07978166666667	120.39977666666667
1487640732	32.07978166666667	120.39977666666667
1487640742	32.07978166666667	120.39977666666667
1487640747	32.07978166666667	120.39977666666667
1487640757	32.07978166666667	120.39977666666667
1487640767	32.07978166666667	120.39977666666667
1487640774	32.07978166666667	120.39977666666667
1487640780	32.07978166666667	120.39977666666667
1487640787	32.07978166666667	120.39977666666667
1487640833	32.07978166666667	120.39977666666667
1487640921	32.07978166666667	120.39977666666667
1487641052	32.07978166666667	120.39977666666667
1487641139	32.074115	120.395875
1487641211	32.06599833333333	120.38863
1487641284	32.06254	120.38450999999999
1487641322	32.05960833333334	120.38051166666668
1487641357	32.056925	120.37664166666667
1487641401	32.05578833333333	120.37462166666667
1487641441	32.05346333333333	120.36972333333333
1487641478	32.050738333333335	120.36460000000001
1487641524	32.04765666666666	120.35979999999999
1487641565	32.044245000000004	120.35376666666667
1487641601	32.041306666666664	120.348295
1487641643	32.039543333333334	120.34534833333333
1487641679	32.036535	120.34092166666666
1487641714	32.03399	120.33592666666667
1487641753	32.03223833333333	120.330405
1487641795	32.03026166666667	120.324365
1487641839	32.027566666666665	120.31857833333333
1487641875	32.02462666666667	120.31262666666667
1487641911	32.02235333333333	120.30799666666665
1487641947	32.02008166666667	120.30301499999999
1487641984	32.01877666666667	120.29823666666668
1487642026	32.01771166666666	120.29294333333334
1487642069	32.01664	120.28757666666667
1487642116	32.01630166666666	120.28597666666668
1487642150	32.01559666666667	120.28263
1487642187	32.01555333333333	120.28244000000001
1487644069	31.959023333333334	120.22695833333334
1487644117	31.955108333333335	120.22563166666666
1487644154	31.952119999999997	120.22309666666666
1487644195	31.952603333333332	120.21767999999999
1487644238	31.953525	120.21175666666667
1487644248	31.954038333333333	120.20968666666667
1487644263	31.95432166666667	120.20839333333333
1487644275	31.954629999999998	120.206375
1487644282	31.954700000000003	120.20563166666668
1487644291	31.954686666666664	120.20562999999999
1487644301	31.954653333333333	120.20573333333331
1487644312	31.954641666666664	120.20582333333331
1487644321	31.954521666666665	120.20657000000001
1487644328	31.954340000000002	120.20751833333334
1487644336	31.954218333333333	120.20816166666667
1487644344	31.954325	120.20834833333332
1487644352	31.954436666666666	120.20805
1487644363	31.954533333333334	120.20748833333333
1487644370	31.954686666666664	120.20654833333334
1487644383	31.954775	120.20600333333331
1487644397	31.954925000000003	120.20564
1487644407	31.954941666666667	120.205655
1487644417	31.954941666666667	120.205655
1487644425	31.954941666666667	120.205655
1487644432	31.954941666666667	120.205655
1487644441	31.954941666666667	120.205655
1487644450	31.954941666666667	120.205655
1487644462	31.954941666666667	120.205655
1487644470	31.954941666666667	120.205655
1487644479	31.954941666666667	120.205655
1487644493	31.954941666666667	120.205655
1487644501	31.954941666666667	120.205655
1487644512	31.954941666666667	120.205655
1487644525	31.955018333333335	120.20578833333333
1487644535	31.955075000000004	120.20590833333333
1487644579	31.955088333333332	120.20564833333334
1487644622	31.95502333333333	120.20570166666667
1487644659	31.955196666666666	120.20576333333332
1487644697	31.955133333333333	120.20571833333334
1487644737	31.955133333333333	120.20571833333334
1487644775	31.955061666666666	120.20570666666666
1487644837	31.955199999999998	120.20583666666668
1487644868	31.955098333333332	120.20591333333331
1487644899	31.955098333333332	120.20591333333331
1487644940	31.95502666666666	120.20598666666667
1487644981	31.955109999999998	120.20562666666667
1487645029	31.955056666666664	120.20574333333334
1487645060	31.95507166666666	120.20582666666665
1487645091	31.95518666666667	120.20561000000001
1487645122	31.955211666666667	120.20563500000002
1487645153	31.95523166666667	120.20572166666668
1487645184	31.955146666666664	120.20582666666665
1487645215	31.955150000000003	120.20574833333333
1487645256	31.95518666666667	120.20585333333332
1487645297	31.95518666666667	120.20585333333332
1487645338	31.95518666666667	120.20585333333332
1487645379	31.95518666666667	120.20585333333332
1487645420	31.955176666666663	120.20581166666668
1487645451	31.955075000000004	120.20585333333332
1487646154	31.955360000000002	120.20581833333333
1487646195	31.955346666666667	120.20577166666665
1487646207	31.955188333333332	120.20574833333333
1487646218	31.955004999999996	120.20581333333332
1487646220	31.95501	120.20590666666666
1487646222	31.95501	120.20590666666666
1487646224	31.95501	120.20590666666666
1487646226	31.95501	120.20590666666666
1487646227	31.95501	120.20590666666666
1487646229	31.95501	120.20590666666666
1487646231	31.95501	120.20590666666666
1487646233	31.95501	120.20590666666666
1487646235	31.95501	120.20590666666666
1487646236	31.95501	120.20590666666666
1487646238	31.95501	120.20590666666666
1487646240	31.95501	120.20590666666666
1487646242	31.95501	120.20590666666666
1487646243	31.95501	120.20590666666666
1487646245	31.95501	120.20590666666666
1487646248	31.95501	120.20590666666666
1487646250	31.95501	120.20590666666666
1487646251	31.95501	120.20590666666666
1487646253	31.95501	120.20590666666666
1487646255	31.95501	120.20590666666666
1487646257	31.95501	120.20590666666666
1487646259	31.95501	120.20590666666666
1487646261	31.95501	120.20590666666666
1487646263	31.95501	120.20590666666666
1487646265	31.95501	120.20590666666666
1487646267	31.95501	120.20590666666666
1487646269	31.95501	120.20590666666666
1487646271	31.95501	120.20590666666666
1487646302	31.955584999999996	120.20594000000001
1487646332	31.955494999999996	120.20593166666667
1487646374	31.955358333333333	120.20587833333333
1487646405	31.955035	120.20581833333333
1487646437	31.954808333333336	120.20579500000001
1487646478	31.955139999999997	120.20577499999999
1487646519	31.954491666666666	120.2058
1487646560	31.954423333333338	120.20581166666668
1487646592	31.955233333333332	120.20568833333333
1487646623	31.95519	120.20573
1487646664	31.95508	120.20585833333334
1487646705	31.95534	120.20573
1487646747	31.95520333333333	120.20580999999999
1487646778	31.955196666666666	120.20565
1487646809	31.955289999999998	120.20571333333334
1487646842	31.95518666666667	120.20569333333333
1487646874	31.955146666666664	120.20570500000001
1487646904	31.955193333333334	120.20574166666665
1487646936	31.955178333333333	120.20574666666668
1487646967	31.95524833333333	120.20565166666665
1487646998	31.955225000000002	120.20572500000002
1487647038	31.955265	120.20564833333334
1487647069	31.955193333333334	120.20576166666666
1487647100	31.955191666666664	120.20574
1487647142	31.955151666666666	120.20578166666668
1487647183	31.955045000000002	120.20575333333333
1487647224	31.955161666666662	120.20579333333332
1487647255	31.955161666666662	120.20576333333332
1487651281	31.952231666666663	120.20570833333335
1487651312	31.949621666666665	120.20562
1487651343	31.949621666666665	120.20562
1487651345	31.949621666666665	120.20562
1487651347	31.949621666666665	120.20562
1487651349	31.949621666666665	120.20562
1487651351	31.949621666666665	120.20562
1487651353	31.949621666666665	120.20562
1487651355	31.949621666666665	120.20562
1487651357	31.949621666666665	120.20562
1487651359	31.949621666666665	120.20562
1487651361	31.949621666666665	120.20562
1487651363	31.949621666666665	120.20562
1487651365	31.949621666666665	120.20562
1487651367	31.949621666666665	120.20562
1487651369	31.949621666666665	120.20562
1487651371	31.949621666666665	120.20562
1487651373	31.949621666666665	120.20562
1487651375	31.949621666666665	120.20562
1487651377	31.949621666666665	120.20562
1487651379	31.949621666666665	120.20562
1487651381	31.949621666666665	120.20562
1487651383	31.949621666666665	120.20562
1487651385	31.949621666666665	120.20562
1487651387	31.949621666666665	120.20562
1487651389	31.949621666666665	120.20562
1487651391	31.949621666666665	120.20562
1487651393	31.949621666666665	120.20562
1487651395	31.949621666666665	120.20562
1487651396	31.949621666666665	120.20562
1487651398	31.949621666666665	120.20562
1487651401	31.949621666666665	120.20562
1487651403	31.949621666666665	120.20562
1487651434	31.9554	120.20592166666665
1487651465	31.95531	120.20574333333334
1487651496	31.955188333333332	120.20573666666665
1487651527	31.955168333333337	120.20567833333334
1487651569	31.955078333333336	120.20573833333334
1487651600	31.955125	120.20576833333334
1487651631	31.95505166666667	120.20573833333334
1487651672	31.95519	120.20574
1487651713	31.95517333333333	120.20575500000001
1487651755	31.955163333333335	120.20576833333334
1487651796	31.955105000000003	120.20576000000001
1487651837	31.95507166666666	120.20574833333333
1487651878	31.955153333333335	120.205765
1487651920	31.955018333333335	120.20571
1487651951	31.954986666666667	120.20570500000001
1487651982	31.955268333333333	120.20575833333332
1487652013	31.955175	120.20577333333334
1487652044	31.955175	120.20574666666668
1487652085	31.955175	120.20574666666668
1487652116	31.955175	120.20574666666668
1487652148	31.955236666666664	120.20577333333334
1487652179	31.955236666666664	120.20577333333334
1487652210	31.955146666666664	120.205735
1487652241	31.955233333333332	120.20562833333334
1487652273	31.95522	120.20566333333333
1487652304	31.955213333333337	120.20578500000002
