1487615978	31.377723333333332	120.97443166666666
1487615978	31.377723333333332	120.97443166666666
1487615978	31.377723333333332	120.97443166666666
1487616001	31.377740000000003	120.97440499999999
1487616001	31.377740000000003	120.97440499999999
1487616001	31.377740000000003	120.97440499999999
1487616003	31.37771	120.97445333333332
1487616003	31.37771	120.97445333333332
1487616003	31.37771	120.97445333333332
1487616004	31.37771	120.97451333333332
1487616004	31.37771	120.97451333333332
1487616004	31.37771	120.97451333333332
1487616006	31.37771	120.97451333333332
1487616006	31.37771	120.97451333333332
1487616006	31.37771	120.97451333333332
1487616008	31.377718333333338	120.97451166666666
1487616008	31.377718333333338	120.97451166666666
1487616008	31.377718333333338	120.97451166666666
1487616010	31.377746666666667	120.97451166666666
1487616010	31.377746666666667	120.97451166666666
1487616010	31.377746666666667	120.97451166666666
1487616012	31.37777	120.97449833333333
1487616012	31.37777	120.97449833333333
1487616012	31.37777	120.97449833333333
1487616014	31.377789999999997	120.97449833333333
1487616014	31.377789999999997	120.97449833333333
1487616014	31.377789999999997	120.97449833333333
1487616047	31.37789	120.97434333333334
1487616047	31.37789	120.97434333333334
1487616047	31.37789	120.97434333333334
1487616078	31.37805166666667	120.97422666666668
1487616078	31.37805166666667	120.97422666666668
1487616078	31.37805166666667	120.97422666666668
1487616109	31.377918333333334	120.97434
1487616109	31.377918333333334	120.97434
1487616109	31.377918333333334	120.97434
1487616149	31.37767666666667	120.974365
1487616149	31.37767666666667	120.974365
1487616149	31.37767666666667	120.974365
1487617116	31.376245	120.974645
1487617116	31.376245	120.974645
1487617116	31.376245	120.974645
1487617169	31.377025000000003	120.97621499999998
1487617169	31.377025000000003	120.97621499999998
1487617169	31.377025000000003	120.97621499999998
1487617238	31.377025000000003	120.97621499999998
1487617238	31.377025000000003	120.97621499999998
1487617238	31.377025000000003	120.97621499999998
1487617252	31.377025000000003	120.97621499999998
1487617252	31.377025000000003	120.97621499999998
1487617252	31.377025000000003	120.97621499999998
1487617265	31.377025000000003	120.97621499999998
1487617265	31.377025000000003	120.97621499999998
1487617265	31.377025000000003	120.97621499999998
1487617290	31.377160000000003	120.97602166666665
1487617290	31.377160000000003	120.97602166666665
1487617290	31.377160000000003	120.97602166666665
1487617303	31.376890000000003	120.97592333333333
1487617303	31.376890000000003	120.97592333333333
1487617303	31.376890000000003	120.97592333333333
1487617315	31.376851666666667	120.97591666666668
1487617315	31.376851666666667	120.97591666666668
1487617315	31.376851666666667	120.97591666666668
1487617333	31.376826666666663	120.97593333333334
1487617333	31.376826666666663	120.97593333333334
1487617333	31.376826666666663	120.97593333333334
1487617345	31.376429999999996	120.97573333333334
1487617345	31.376429999999996	120.97573333333334
1487617345	31.376429999999996	120.97573333333334
1487617356	31.376249999999995	120.97529000000002
1487617356	31.376249999999995	120.97529000000002
1487617356	31.376249999999995	120.97529000000002
1487617367	31.37589666666667	120.97518999999998
1487617367	31.37589666666667	120.97518999999998
1487617367	31.37589666666667	120.97518999999998
1487617377	31.37509	120.97525833333333
1487617377	31.37509	120.97525833333333
1487617377	31.37509	120.97525833333333
1487617388	31.37450833333333	120.97527999999998
1487617388	31.37450833333333	120.97527999999998
1487617388	31.37450833333333	120.97527999999998
1487617399	31.373855000000002	120.975275
1487617399	31.373855000000002	120.975275
1487617399	31.373855000000002	120.975275
1487617413	31.373379999999997	120.975275
1487617413	31.373379999999997	120.975275
1487617413	31.373379999999997	120.975275
1487617422	31.37261	120.97532500000001
1487617422	31.37261	120.97532500000001
1487617422	31.37261	120.97532500000001
1487617430	31.372545	120.97555666666668
1487617430	31.372545	120.97555666666668
1487617430	31.372545	120.97555666666668
1487617439	31.372553333333332	120.97599
1487617439	31.372553333333332	120.97599
1487617439	31.372553333333332	120.97599
1487617448	31.372826666666665	120.97610666666667
1487617448	31.372826666666665	120.97610666666667
1487617448	31.372826666666665	120.97610666666667
1487617457	31.37289333333333	120.97600666666668
1487617457	31.37289333333333	120.97600666666668
1487617457	31.37289333333333	120.97600666666668
1487617470	31.37291	120.97598500000001
1487617470	31.37291	120.97598500000001
1487617470	31.37291	120.97598500000001
1487617480	31.372913333333333	120.97598166666667
1487617480	31.372913333333333	120.97598166666667
1487617480	31.372913333333333	120.97598166666667
1487617490	31.372913333333333	120.97598166666667
1487617490	31.372913333333333	120.97598166666667
1487617490	31.372913333333333	120.97598166666667
1487617503	31.372821666666663	120.97588666666667
1487617503	31.372821666666663	120.97588666666667
1487617503	31.372821666666663	120.97588666666667
1487617518	31.372821666666663	120.97588666666667
1487617518	31.372821666666663	120.97588666666667
1487617518	31.372821666666663	120.97588666666667
1487617530	31.372931666666666	120.97596333333334
1487617530	31.372931666666666	120.97596333333334
1487617530	31.372931666666666	120.97596333333334
1487617542	31.372935	120.97613000000001
1487617542	31.372935	120.97613000000001
1487617542	31.372935	120.97613000000001
1487617554	31.37307333333333	120.97644
1487617554	31.37307333333333	120.97644
1487617554	31.37307333333333	120.97644
1487617564	31.373165000000004	120.97641
1487617564	31.373165000000004	120.97641
1487617564	31.373165000000004	120.97641
1487617585	31.373108333333334	120.97650333333334
1487617585	31.373108333333334	120.97650333333334
1487617585	31.373108333333334	120.97650333333334
1487617601	31.373093333333333	120.97650833333334
1487617601	31.373093333333333	120.97650833333334
1487617601	31.373093333333333	120.97650833333334
1487617646	31.372465000000002	120.97675166666667
1487617646	31.372465000000002	120.97675166666667
1487617646	31.372465000000002	120.97675166666667
1487617686	31.37295	120.97711499999998
1487617686	31.37295	120.97711499999998
1487617686	31.37295	120.97711499999998
1487617740	31.37338833333333	120.97681666666668
1487617740	31.37338833333333	120.97681666666668
1487617740	31.37338833333333	120.97681666666668
1487617786	31.37349	120.97679333333332
1487617786	31.37349	120.97679333333332
1487617786	31.37349	120.97679333333332
1487617830	31.37349	120.97679333333332
1487617830	31.37349	120.97679333333332
1487617830	31.37349	120.97679333333332
1487617881	31.37349	120.97679333333332
1487617881	31.37349	120.97679333333332
1487617881	31.37349	120.97679333333332
1487617930	31.373570000000004	120.97676500000001
1487617930	31.373570000000004	120.97676500000001
1487617930	31.373570000000004	120.97676500000001
1487617977	31.373231666666666	120.97704833333334
1487617977	31.373231666666666	120.97704833333334
1487617977	31.373231666666666	120.97704833333334
1487619988	31.375114999999997	120.97864
1487619988	31.375114999999997	120.97864
1487619988	31.375114999999997	120.97864
1487620031	31.37704666666667	120.97854833333334
1487620031	31.37704666666667	120.97854833333334
1487620031	31.37704666666667	120.97854833333334
1487620091	31.377023333333334	120.98077833333333
1487620091	31.377023333333334	120.98077833333333
1487620091	31.377023333333334	120.98077833333333
1487620123	31.376968333333334	120.98050833333333
1487620123	31.376968333333334	120.98050833333333
1487620123	31.376968333333334	120.98050833333333
1487620124	31.376984999999998	120.980475
1487620124	31.376984999999998	120.980475
1487620124	31.376984999999998	120.980475
1487620131	31.376996666666667	120.98044999999999
1487620131	31.376996666666667	120.98044999999999
1487620131	31.376996666666667	120.98044999999999
1487620133	31.37700166666667	120.98039833333333
1487620133	31.37700166666667	120.98039833333333
1487620133	31.37700166666667	120.98039833333333
1487620135	31.37700166666667	120.98039833333333
1487620135	31.37700166666667	120.98039833333333
1487620135	31.37700166666667	120.98039833333333
1487620137	31.37700166666667	120.98039833333333
1487620137	31.37700166666667	120.98039833333333
1487620137	31.37700166666667	120.98039833333333
1487620139	31.37700166666667	120.98039833333333
1487620139	31.37700166666667	120.98039833333333
1487620139	31.37700166666667	120.98039833333333
1487620140	31.37700166666667	120.98039833333333
1487620140	31.37700166666667	120.98039833333333
1487620140	31.37700166666667	120.98039833333333
1487620143	31.37700166666667	120.98039833333333
1487620143	31.37700166666667	120.98039833333333
1487620143	31.37700166666667	120.98039833333333
1487620144	31.376986666666667	120.980405
1487620144	31.376986666666667	120.980405
1487620144	31.376986666666667	120.980405
1487620146	31.376986666666667	120.980405
1487620146	31.376986666666667	120.980405
1487620146	31.376986666666667	120.980405
1487620153	31.376939999999998	120.98051666666667
1487620153	31.376939999999998	120.98051666666667
1487620153	31.376939999999998	120.98051666666667
1487620155	31.376924999999996	120.98055833333335
1487620155	31.376924999999996	120.98055833333335
1487620155	31.376924999999996	120.98055833333335
1487620157	31.376918333333332	120.98055000000001
1487620157	31.376918333333332	120.98055000000001
1487620157	31.376918333333332	120.98055000000001
1487620159	31.376921666666664	120.98055000000001
1487620159	31.376921666666664	120.98055000000001
1487620159	31.376921666666664	120.98055000000001
1487620160	31.376923333333334	120.98056666666668
1487620160	31.376923333333334	120.98056666666668
1487620160	31.376923333333334	120.98056666666668
1487620162	31.376923333333334	120.98056666666668
1487620162	31.376923333333334	120.98056666666668
1487620162	31.376923333333334	120.98056666666668
1487620164	31.376923333333334	120.98056666666668
1487620164	31.376923333333334	120.98056666666668
1487620164	31.376923333333334	120.98056666666668
1487620166	31.376906666666667	120.98062666666668
1487620166	31.376906666666667	120.98062666666668
1487620166	31.376906666666667	120.98062666666668
1487620168	31.376924999999996	120.98066166666668
1487620168	31.376924999999996	120.98066166666668
1487620168	31.376924999999996	120.98066166666668
1487620170	31.376931666666664	120.98070833333334
1487620170	31.376931666666664	120.98070833333334
1487620170	31.376931666666664	120.98070833333334
1487620172	31.376931666666664	120.98074166666666
1487620172	31.376931666666664	120.98074166666666
1487620172	31.376931666666664	120.98074166666666
1487620173	31.376936666666666	120.98076833333334
1487620173	31.376936666666666	120.98076833333334
1487620173	31.376936666666666	120.98076833333334
1487620175	31.376936666666666	120.98078833333332
1487620175	31.376936666666666	120.98078833333332
1487620175	31.376936666666666	120.98078833333332
1487620177	31.376928333333332	120.98078
1487620177	31.376928333333332	120.98078
1487620177	31.376928333333332	120.98078
1487620179	31.376924999999996	120.98078
1487620179	31.376924999999996	120.98078
1487620179	31.376924999999996	120.98078
1487620181	31.376921666666664	120.98076999999999
1487620181	31.376921666666664	120.98076999999999
1487620181	31.376921666666664	120.98076999999999
1487620183	31.376915	120.98076166666667
1487620183	31.376915	120.98076166666667
1487620183	31.376915	120.98076166666667
1487620185	31.376915	120.98076166666667
1487620185	31.376915	120.98076166666667
1487620185	31.376915	120.98076166666667
1487620187	31.376894999999998	120.98078333333333
1487620187	31.376894999999998	120.98078333333333
1487620187	31.376894999999998	120.98078333333333
1487620189	31.3769	120.98078666666667
1487620189	31.3769	120.98078666666667
1487620189	31.3769	120.98078666666667
1487620227	31.376983333333335	120.98077333333335
1487620227	31.376983333333335	120.98077333333335
1487620227	31.376983333333335	120.98077333333335
1487620266	31.376996666666667	120.98093166666668
1487620266	31.376996666666667	120.98093166666668
1487620266	31.376996666666667	120.98093166666668
1487620310	31.376801666666665	120.98071666666668
1487620310	31.376801666666665	120.98071666666668
1487620310	31.376801666666665	120.98071666666668
1487620345	31.376894999999998	120.98071499999999
1487620345	31.376894999999998	120.98071499999999
1487620345	31.376894999999998	120.98071499999999
1487620382	31.376896666666667	120.98066166666668
1487620382	31.376896666666667	120.98066166666668
1487620382	31.376896666666667	120.98066166666668
1487620422	31.376896666666667	120.98066166666668
1487620422	31.376896666666667	120.98066166666668
1487620422	31.376896666666667	120.98066166666668
1487620459	31.376896666666667	120.98066166666668
1487620459	31.376896666666667	120.98066166666668
1487620459	31.376896666666667	120.98066166666668
1487620492	31.376896666666667	120.98066166666668
1487620492	31.376896666666667	120.98066166666668
1487620492	31.376896666666667	120.98066166666668
1487620523	31.376896666666667	120.98066166666668
1487620523	31.376896666666667	120.98066166666668
1487620523	31.376896666666667	120.98066166666668
1487625249	31.37727333333333	120.97882166666668
1487625249	31.37727333333333	120.97882166666668
1487625249	31.37727333333333	120.97882166666668
1487625289	31.37874	120.97794166666667
1487625289	31.37874	120.97794166666667
1487625289	31.37874	120.97794166666667
1487625341	31.378815	120.97775333333333
1487625341	31.378815	120.97775333333333
1487625341	31.378815	120.97775333333333
1487625386	31.37878	120.97614833333334
1487625386	31.37878	120.97614833333334
1487625386	31.37878	120.97614833333334
1487625426	31.378038333333333	120.97472333333332
1487625426	31.378038333333333	120.97472333333332
1487625426	31.378038333333333	120.97472333333332
1487625459	31.377623333333336	120.974435
1487625459	31.377623333333336	120.974435
1487625459	31.377623333333336	120.974435
1487625519	31.37757333333333	120.97437166666666
1487625519	31.37757333333333	120.97437166666666
1487625519	31.37757333333333	120.97437166666666
1487625568	31.376561666666664	120.97394166666666
1487625568	31.376561666666664	120.97394166666666
1487625568	31.376561666666664	120.97394166666666
1487625620	31.376776666666668	120.97419999999998
1487625620	31.376776666666668	120.97419999999998
1487625620	31.376776666666668	120.97419999999998
1487625669	31.377194999999997	120.97422999999999
1487625669	31.377194999999997	120.97422999999999
1487625669	31.377194999999997	120.97422999999999
1487625722	31.37751166666667	120.97402166666667
1487625722	31.37751166666667	120.97402166666667
1487625722	31.37751166666667	120.97402166666667
1487625773	31.37751166666667	120.97402166666667
1487625773	31.37751166666667	120.97402166666667
1487625773	31.37751166666667	120.97402166666667
1487625824	31.37751166666667	120.97402166666667
1487625824	31.37751166666667	120.97402166666667
1487625824	31.37751166666667	120.97402166666667
1487625873	31.37751166666667	120.97402166666667
1487625873	31.37751166666667	120.97402166666667
1487625873	31.37751166666667	120.97402166666667
1487625923	31.37751166666667	120.97402166666667
1487625923	31.37751166666667	120.97402166666667
1487625923	31.37751166666667	120.97402166666667
1487625992	31.37751166666667	120.97402166666667
1487625992	31.37751166666667	120.97402166666667
1487625992	31.37751166666667	120.97402166666667
1487626032	31.377104999999997	120.97390333333333
1487626032	31.377104999999997	120.97390333333333
1487626032	31.377104999999997	120.97390333333333
1487626103	31.376931666666664	120.97386999999999
1487626103	31.376931666666664	120.97386999999999
1487626103	31.376931666666664	120.97386999999999
1487626179	31.376931666666664	120.97386999999999
1487626179	31.376931666666664	120.97386999999999
1487626179	31.376931666666664	120.97386999999999
1487626190	31.376931666666664	120.97386999999999
1487626190	31.376931666666664	120.97386999999999
1487626190	31.376931666666664	120.97386999999999
1487626201	31.376931666666664	120.97386999999999
1487626201	31.376931666666664	120.97386999999999
1487626201	31.376931666666664	120.97386999999999
1487626213	31.376931666666664	120.97386999999999
1487626213	31.376931666666664	120.97386999999999
1487626213	31.376931666666664	120.97386999999999
1487626224	31.376931666666664	120.97386999999999
1487626224	31.376931666666664	120.97386999999999
1487626224	31.376931666666664	120.97386999999999
1487626237	31.376931666666664	120.97386999999999
1487626237	31.376931666666664	120.97386999999999
1487626237	31.376931666666664	120.97386999999999
1487626247	31.376931666666664	120.97386999999999
1487626247	31.376931666666664	120.97386999999999
1487626247	31.376931666666664	120.97386999999999
1487626257	31.376931666666664	120.97386999999999
1487626257	31.376931666666664	120.97386999999999
1487626257	31.376931666666664	120.97386999999999
1487626270	31.376931666666664	120.97386999999999
1487626270	31.376931666666664	120.97386999999999
1487626270	31.376931666666664	120.97386999999999
1487626292	31.376931666666664	120.97386999999999
1487626292	31.376931666666664	120.97386999999999
1487626292	31.376931666666664	120.97386999999999
1487626306	31.37647	120.97415500000001
1487626306	31.37647	120.97415500000001
1487626306	31.37647	120.97415500000001
1487626318	31.37661666666667	120.97428166666666
1487626318	31.37661666666667	120.97428166666666
1487626318	31.37661666666667	120.97428166666666
1487626335	31.376705	120.97431
1487626335	31.376705	120.97431
1487626335	31.376705	120.97431
1487626346	31.376545000000004	120.97395833333333
1487626346	31.376545000000004	120.97395833333333
1487626346	31.376545000000004	120.97395833333333
1487626366	31.37636	120.97385333333335
1487626366	31.37636	120.97385333333335
1487626366	31.37636	120.97385333333335
1487626384	31.376578333333335	120.97459666666667
1487626384	31.376578333333335	120.97459666666667
1487626384	31.376578333333335	120.97459666666667
1487626415	31.377098333333333	120.97474500000001
1487626415	31.377098333333333	120.97474500000001
1487626415	31.377098333333333	120.97474500000001
1487626416	31.37748333333333	120.97453666666667
1487626416	31.37748333333333	120.97453666666667
1487626416	31.37748333333333	120.97453666666667
1487626430	31.377478333333336	120.97454
1487626430	31.377478333333336	120.97454
1487626430	31.377478333333336	120.97454
1487626487	31.377474999999997	120.97462333333333
1487626487	31.377474999999997	120.97462333333333
1487626487	31.377474999999997	120.97462333333333
1487626499	31.377501666666664	120.97482
1487626499	31.377501666666664	120.97482
1487626499	31.377501666666664	120.97482
1487626517	31.377501666666664	120.97482
1487626517	31.377501666666664	120.97482
1487626517	31.377501666666664	120.97482
1487626531	31.377501666666664	120.97482
1487626531	31.377501666666664	120.97482
1487626531	31.377501666666664	120.97482
1487626552	31.377501666666664	120.97482
1487626552	31.377501666666664	120.97482
1487626552	31.377501666666664	120.97482
1487626565	31.377501666666664	120.97482
1487626565	31.377501666666664	120.97482
1487626565	31.377501666666664	120.97482
1487626577	31.377885	120.97399333333333
1487626577	31.377885	120.97399333333333
1487626577	31.377885	120.97399333333333
1487626590	31.377885	120.97395333333334
1487626590	31.377885	120.97395333333334
1487626590	31.377885	120.97395333333334
1487626607	31.377885	120.97395333333334
1487626607	31.377885	120.97395333333334
1487626607	31.377885	120.97395333333334
1487626619	31.377885	120.97395333333334
1487626619	31.377885	120.97395333333334
1487626619	31.377885	120.97395333333334
1487626663	31.377885	120.97395333333334
1487626663	31.377885	120.97395333333334
1487626663	31.377885	120.97395333333334
1487626716	31.377346666666668	120.974
1487626716	31.377346666666668	120.974
1487626716	31.377346666666668	120.974
1487626766	31.377648333333333	120.974055
1487626766	31.377648333333333	120.974055
1487626766	31.377648333333333	120.974055
1487626820	31.37775333333333	120.97398999999999
1487626820	31.37775333333333	120.97398999999999
1487626820	31.37775333333333	120.97398999999999
1487626871	31.37775	120.974005
1487626871	31.37775	120.974005
1487626871	31.37775	120.974005
1487626923	31.377351666666662	120.97439833333334
1487626923	31.377351666666662	120.97439833333334
1487626923	31.377351666666662	120.97439833333334
1487627127	31.377521666666667	120.97455
1487627127	31.377521666666667	120.97455
1487627127	31.377521666666667	120.97455
1487627142	31.377459999999996	120.97467666666668
1487627142	31.377459999999996	120.97467666666668
1487627142	31.377459999999996	120.97467666666668
1487627171	31.377026666666666	120.97471333333333
1487627171	31.377026666666666	120.97471333333333
1487627171	31.377026666666666	120.97471333333333
1487627182	31.376224999999998	120.97515999999999
1487627182	31.376224999999998	120.97515999999999
1487627182	31.376224999999998	120.97515999999999
1487627191	31.376338333333333	120.97548333333334
1487627191	31.376338333333333	120.97548333333334
1487627191	31.376338333333333	120.97548333333334
1487627200	31.376371666666667	120.97590833333334
1487627200	31.376371666666667	120.97590833333334
1487627200	31.376371666666667	120.97590833333334
1487627208	31.37633166666667	120.97640333333332
1487627208	31.37633166666667	120.97640333333332
1487627208	31.37633166666667	120.97640333333332
1487627224	31.376065	120.97670166666667
1487627224	31.376065	120.97670166666667
1487627224	31.376065	120.97670166666667
1487627235	31.37613666666667	120.977075
1487627235	31.37613666666667	120.977075
1487627235	31.37613666666667	120.977075
1487627246	31.37613666666667	120.977075
1487627246	31.37613666666667	120.977075
1487627246	31.37613666666667	120.977075
1487627256	31.376186666666666	120.97704
1487627256	31.376186666666666	120.97704
1487627256	31.376186666666666	120.97704
1487627267	31.376189999999998	120.97703666666666
1487627267	31.376189999999998	120.97703666666666
1487627267	31.376189999999998	120.97703666666666
1487627277	31.376189999999998	120.97703666666666
1487627277	31.376189999999998	120.97703666666666
1487627277	31.376189999999998	120.97703666666666
1487627294	31.376189999999998	120.97703666666666
1487627294	31.376189999999998	120.97703666666666
1487627294	31.376189999999998	120.97703666666666
1487627306	31.376189999999998	120.97703666666666
1487627306	31.376189999999998	120.97703666666666
1487627306	31.376189999999998	120.97703666666666
1487627332	31.376189999999998	120.97703666666666
1487627332	31.376189999999998	120.97703666666666
1487627332	31.376189999999998	120.97703666666666
1487627341	31.376189999999998	120.97703666666666
1487627341	31.376189999999998	120.97703666666666
1487627341	31.376189999999998	120.97703666666666
1487627350	31.376189999999998	120.97703666666666
1487627350	31.376189999999998	120.97703666666666
1487627350	31.376189999999998	120.97703666666666
1487627360	31.376189999999998	120.97703666666666
1487627360	31.376189999999998	120.97703666666666
1487627360	31.376189999999998	120.97703666666666
1487627382	31.376189999999998	120.97703666666666
1487627382	31.376189999999998	120.97703666666666
1487627382	31.376189999999998	120.97703666666666
1487627393	31.376189999999998	120.97703666666666
1487627393	31.376189999999998	120.97703666666666
1487627393	31.376189999999998	120.97703666666666
1487627407	31.376255	120.97711
1487627407	31.376255	120.97711
1487627407	31.376255	120.97711
1487627418	31.376089999999998	120.977095
1487627418	31.376089999999998	120.977095
1487627418	31.376089999999998	120.977095
1487627427	31.376089999999998	120.977095
1487627427	31.376089999999998	120.977095
1487627427	31.376089999999998	120.977095
1487627442	31.376089999999998	120.977095
1487627442	31.376089999999998	120.977095
1487627442	31.376089999999998	120.977095
1487627455	31.376129999999996	120.97734666666665
1487627455	31.376129999999996	120.97734666666665
1487627455	31.376129999999996	120.97734666666665
1487627478	31.376528333333333	120.97744666666668
1487627478	31.376528333333333	120.97744666666668
1487627478	31.376528333333333	120.97744666666668
1487627494	31.376936666666666	120.977415
1487627494	31.376936666666666	120.977415
1487627494	31.376936666666666	120.977415
1487627511	31.376821666666668	120.97664166666667
1487627511	31.376821666666668	120.97664166666667
1487627511	31.376821666666668	120.97664166666667
1487627522	31.376269999999998	120.97636333333334
1487627522	31.376269999999998	120.97636333333334
1487627522	31.376269999999998	120.97636333333334
1487627587	31.377536666666668	120.97483500000001
1487627587	31.377536666666668	120.97483500000001
1487627587	31.377536666666668	120.97483500000001
1487627629	31.377485	120.97474333333334
1487627629	31.377485	120.97474333333334
1487627629	31.377485	120.97474333333334
1487627679	31.3766	120.97410333333333
1487627679	31.3766	120.97410333333333
1487627679	31.3766	120.97410333333333
1487627790	31.376788333333334	120.97445333333332
1487627790	31.376788333333334	120.97445333333332
1487627790	31.376788333333334	120.97445333333332
1487627872	31.37680833333333	120.97446666666669
1487627872	31.37680833333333	120.97446666666669
1487627872	31.37680833333333	120.97446666666669
1487627924	31.37680833333333	120.97446666666669
1487627924	31.37680833333333	120.97446666666669
1487627924	31.37680833333333	120.97446666666669
1487627978	31.37680833333333	120.97446666666669
1487627978	31.37680833333333	120.97446666666669
1487627978	31.37680833333333	120.97446666666669
1487628028	31.37680833333333	120.97446666666669
1487628028	31.37680833333333	120.97446666666669
1487628028	31.37680833333333	120.97446666666669
1487628077	31.376686666666668	120.97427833333334
1487628077	31.376686666666668	120.97427833333334
1487628077	31.376686666666668	120.97427833333334
1487628153	31.376581666666667	120.97420833333332
1487628153	31.376581666666667	120.97420833333332
1487628153	31.376581666666667	120.97420833333332
1487628199	31.376581666666667	120.97420833333332
1487628199	31.376581666666667	120.97420833333332
1487628199	31.376581666666667	120.97420833333332
1487628253	31.376581666666667	120.97420833333332
1487628253	31.376581666666667	120.97420833333332
1487628253	31.376581666666667	120.97420833333332
1487628316	31.376581666666667	120.97420833333332
1487628316	31.376581666666667	120.97420833333332
1487628316	31.376581666666667	120.97420833333332
1487628370	31.377104999999997	120.97467499999999
1487628370	31.377104999999997	120.97467499999999
1487628370	31.377104999999997	120.97467499999999
1487628414	31.378696666666663	120.97491999999998
1487628414	31.378696666666663	120.97491999999998
1487628414	31.378696666666663	120.97491999999998
1487628490	31.378771666666662	120.977865
1487628490	31.378771666666662	120.977865
1487628490	31.378771666666662	120.977865
1487628530	31.377208333333336	120.980565
1487628530	31.377208333333336	120.980565
1487628530	31.377208333333336	120.980565
1487628561	31.377021666666664	120.98081833333332
1487628561	31.377021666666664	120.98081833333332
1487628561	31.377021666666664	120.98081833333332
1487628592	31.377038333333335	120.98085666666665
1487628592	31.377038333333335	120.98085666666665
1487628592	31.377038333333335	120.98085666666665
1487628624	31.376969999999996	120.98079166666666
1487628624	31.376969999999996	120.98079166666666
1487628624	31.376969999999996	120.98079166666666
1487628655	31.377101666666665	120.98090333333333
1487628655	31.377101666666665	120.98090333333333
1487628655	31.377101666666665	120.98090333333333
1487628687	31.377	120.98082333333332
1487628687	31.377	120.98082333333332
1487628687	31.377	120.98082333333332
1487628719	31.377018333333332	120.98085166666667
1487628719	31.377018333333332	120.98085166666667
1487628719	31.377018333333332	120.98085166666667
1487628749	31.376976666666664	120.98092166666666
1487628749	31.376976666666664	120.98092166666666
1487628749	31.376976666666664	120.98092166666666
1487628782	31.376993333333335	120.98096500000001
1487628782	31.376993333333335	120.98096500000001
1487628782	31.376993333333335	120.98096500000001
1487628813	31.376935000000003	120.98084500000002
1487628813	31.376935000000003	120.98084500000002
1487628813	31.376935000000003	120.98084500000002
1487628844	31.377031666666667	120.98089333333334
1487628844	31.377031666666667	120.98089333333334
1487628844	31.377031666666667	120.98089333333334
1487628876	31.376863333333336	120.98081666666667
1487628876	31.376863333333336	120.98081666666667
1487628876	31.376863333333336	120.98081666666667
1487628912	31.376935000000003	120.980705
1487628912	31.376935000000003	120.980705
1487628912	31.376935000000003	120.980705
1487629576	31.376893333333335	120.98085333333331
1487629576	31.376893333333335	120.98085333333331
1487629576	31.376893333333335	120.98085333333331
1487629611	31.377160000000003	120.98090166666667
1487629611	31.377160000000003	120.98090166666667
1487629611	31.377160000000003	120.98090166666667
1487629649	31.377153333333332	120.98083666666668
1487629649	31.377153333333332	120.98083666666668
1487629649	31.377153333333332	120.98083666666668
1487629686	31.377038333333335	120.98105500000001
1487629686	31.377038333333335	120.98105500000001
1487629686	31.377038333333335	120.98105500000001
1487629721	31.377018333333332	120.98093500000002
1487629721	31.377018333333332	120.98093500000002
1487629721	31.377018333333332	120.98093500000002
1487629763	31.37704833333333	120.98099166666667
1487629763	31.37704833333333	120.98099166666667
1487629763	31.37704833333333	120.98099166666667
1487629809	31.37704833333333	120.98099166666667
1487629809	31.37704833333333	120.98099166666667
1487629809	31.37704833333333	120.98099166666667
1487629843	31.377056666666665	120.98086166666666
1487629843	31.377056666666665	120.98086166666666
1487629843	31.377056666666665	120.98086166666666
1487629873	31.37688166666667	120.98083166666666
1487629873	31.37688166666667	120.98083166666666
1487629873	31.37688166666667	120.98083166666666
1487629906	31.376976666666664	120.98081333333333
1487629906	31.376976666666664	120.98081333333333
1487629906	31.376976666666664	120.98081333333333
1487629943	31.377076666666667	120.98096666666667
1487629943	31.377076666666667	120.98096666666667
1487629943	31.377076666666667	120.98096666666667
1487629979	31.377058333333334	120.98114666666667
1487629979	31.377058333333334	120.98114666666667
1487629979	31.377058333333334	120.98114666666667
1487630020	31.37691166666667	120.980775
1487630020	31.37691166666667	120.980775
1487630020	31.37691166666667	120.980775
1487630058	31.376995000000004	120.980795
1487630058	31.376995000000004	120.980795
1487630058	31.376995000000004	120.980795
1487630092	31.376888333333333	120.98074833333334
1487630092	31.376888333333333	120.98074833333334
1487630092	31.376888333333333	120.98074833333334
1487630126	31.37710666666667	120.980975
1487630126	31.37710666666667	120.980975
1487630126	31.37710666666667	120.980975
1487630165	31.37710666666667	120.980975
1487630165	31.37710666666667	120.980975
1487630165	31.37710666666667	120.980975
1487630200	31.377053333333333	120.98091000000001
1487630200	31.377053333333333	120.98091000000001
1487630200	31.377053333333333	120.98091000000001
1487630238	31.37706166666667	120.98074
1487630238	31.37706166666667	120.98074
1487630238	31.37706166666667	120.98074
1487630312	31.37722666666667	120.9806
1487630312	31.37722666666667	120.9806
1487630312	31.37722666666667	120.9806
1487632280	31.363931666666666	120.98349166666667
1487632280	31.363931666666666	120.98349166666667
1487632280	31.363931666666666	120.98349166666667
1487632332	31.363931666666666	120.98349166666667
1487632332	31.363931666666666	120.98349166666667
1487632332	31.363931666666666	120.98349166666667
