1487598875	39.054783	117.651677
1487598875	39.054783	117.651677
1487598875	39.054783	117.651677
1487598875	39.054783	117.651677
1487598875	39.054783	117.651677
1487598877	39.054783	117.651677
1487598877	39.054783	117.651677
1487598877	39.054783	117.651677
1487598877	39.054783	117.651677
1487598877	39.054783	117.651677
1487598879	39.054783	117.651677
1487598879	39.054783	117.651677
1487598879	39.054783	117.651677
1487598879	39.054783	117.651677
1487598879	39.054783	117.651677
1487598885	39.054783	117.651677
1487598885	39.054783	117.651677
1487598885	39.054783	117.651677
1487598885	39.054783	117.651677
1487598885	39.054783	117.651677
1487598887	39.054783	117.651677
1487598887	39.054783	117.651677
1487598887	39.054783	117.651677
1487598887	39.054783	117.651677
1487598887	39.054783	117.651677
1487598890	39.054783	117.651677
1487598890	39.054783	117.651677
1487598890	39.054783	117.651677
1487598890	39.054783	117.651677
1487598890	39.054783	117.651677
1487598893	39.054783	117.651677
1487598893	39.054783	117.651677
1487598893	39.054783	117.651677
1487598893	39.054783	117.651677
1487598893	39.054783	117.651677
1487598895	39.054783	117.651677
1487598895	39.054783	117.651677
1487598895	39.054783	117.651677
1487598895	39.054783	117.651677
1487598895	39.054783	117.651677
1487598898	39.054783	117.651677
1487598898	39.054783	117.651677
1487598898	39.054783	117.651677
1487598898	39.054783	117.651677
1487598898	39.054783	117.651677
1487598901	39.054783	117.651677
1487598901	39.054783	117.651677
1487598901	39.054783	117.651677
1487598901	39.054783	117.651677
1487598901	39.054783	117.651677
1487598905	39.054783	117.651677
1487598905	39.054783	117.651677
1487598905	39.054783	117.651677
1487598905	39.054783	117.651677
1487598905	39.054783	117.651677
1487598907	39.054783	117.651677
1487598907	39.054783	117.651677
1487598907	39.054783	117.651677
1487598907	39.054783	117.651677
1487598907	39.054783	117.651677
1487598909	39.054783	117.651677
1487598909	39.054783	117.651677
1487598909	39.054783	117.651677
1487598909	39.054783	117.651677
1487598909	39.054783	117.651677
1487598911	39.054783	117.651677
1487598911	39.054783	117.651677
1487598911	39.054783	117.651677
1487598911	39.054783	117.651677
1487598911	39.054783	117.651677
1487598944	39.054783	117.651677
1487598944	39.054783	117.651677
1487598944	39.054783	117.651677
1487598944	39.054783	117.651677
1487598944	39.054783	117.651677
1487598975	39.054783	117.651677
1487598975	39.054783	117.651677
1487598975	39.054783	117.651677
1487598975	39.054783	117.651677
1487598975	39.054783	117.651677
1487599007	39.054783	117.651677
1487599007	39.054783	117.651677
1487599007	39.054783	117.651677
1487599007	39.054783	117.651677
1487599007	39.054783	117.651677
1487601378	39.054724	117.651685
1487601378	39.054724	117.651685
1487601378	39.054724	117.651685
1487601378	39.054724	117.651685
1487601409	39.054724	117.651685
1487601409	39.054724	117.651685
1487601409	39.054724	117.651685
1487601409	39.054724	117.651685
1487601445	39.054724	117.651685
1487601445	39.054724	117.651685
1487601445	39.054724	117.651685
1487601445	39.054724	117.651685
1487601476	39.054724	117.651685
1487601476	39.054724	117.651685
1487601476	39.054724	117.651685
1487601476	39.054724	117.651685
1487601512	39.054724	117.651685
1487601512	39.054724	117.651685
1487601512	39.054724	117.651685
1487601512	39.054724	117.651685
1487601545	39.054724	117.651685
1487601545	39.054724	117.651685
1487601545	39.054724	117.651685
1487601545	39.054724	117.651685
1487601576	39.054724	117.651685
1487601576	39.054724	117.651685
1487601576	39.054724	117.651685
1487601576	39.054724	117.651685
1487601606	39.054724	117.651685
1487601606	39.054724	117.651685
1487601606	39.054724	117.651685
1487601606	39.054724	117.651685
1487601637	39.054724	117.651685
1487601637	39.054724	117.651685
1487601637	39.054724	117.651685
1487601637	39.054724	117.651685
1487601667	39.054724	117.651685
1487601667	39.054724	117.651685
1487601667	39.054724	117.651685
1487601667	39.054724	117.651685
1487601699	39.054724	117.651685
1487601699	39.054724	117.651685
1487601699	39.054724	117.651685
1487601699	39.054724	117.651685
1487601730	39.054724	117.651685
1487601730	39.054724	117.651685
1487601730	39.054724	117.651685
1487601730	39.054724	117.651685
1487601760	39.054724	117.651685
1487601760	39.054724	117.651685
1487601760	39.054724	117.651685
1487601760	39.054724	117.651685
1487601791	39.054724	117.651685
1487601791	39.054724	117.651685
1487601791	39.054724	117.651685
1487601791	39.054724	117.651685
1487601821	39.054724	117.651685
1487601821	39.054724	117.651685
1487601821	39.054724	117.651685
1487601821	39.054724	117.651685
1487601854	39.054724	117.651685
1487601854	39.054724	117.651685
1487601854	39.054724	117.651685
1487601854	39.054724	117.651685
1487601884	39.054724	117.651685
1487601884	39.054724	117.651685
1487601884	39.054724	117.651685
1487601884	39.054724	117.651685
1487601914	39.054724	117.651685
1487601914	39.054724	117.651685
1487601914	39.054724	117.651685
1487601914	39.054724	117.651685
1487601945	39.054724	117.651685
1487601945	39.054724	117.651685
1487601945	39.054724	117.651685
1487601945	39.054724	117.651685
1487601975	39.054724	117.651685
1487601975	39.054724	117.651685
1487601975	39.054724	117.651685
1487601975	39.054724	117.651685
1487602013	39.054724	117.651685
1487602013	39.054724	117.651685
1487602013	39.054724	117.651685
1487602013	39.054724	117.651685
1487602044	39.054724	117.651685
1487602044	39.054724	117.651685
1487602044	39.054724	117.651685
1487602044	39.054724	117.651685
1487602074	39.054724	117.651685
1487602074	39.054724	117.651685
1487602074	39.054724	117.651685
1487602074	39.054724	117.651685
1487602104	39.054724	117.651685
1487602104	39.054724	117.651685
1487602104	39.054724	117.651685
1487602104	39.054724	117.651685
1487602135	39.054724	117.651685
1487602135	39.054724	117.651685
1487602135	39.054724	117.651685
1487602135	39.054724	117.651685
1487602168	39.054724	117.651685
1487602168	39.054724	117.651685
1487602168	39.054724	117.651685
1487602168	39.054724	117.651685
1487602198	39.054724	117.651685
1487602198	39.054724	117.651685
1487602198	39.054724	117.651685
1487602198	39.054724	117.651685
1487602230	39.05469	117.651676
1487602230	39.05469	117.651676
1487602230	39.05469	117.651676
1487602230	39.05469	117.651676
1487602261	39.054694	117.651691
1487602261	39.054694	117.651691
1487602261	39.054694	117.651691
1487602261	39.054694	117.651691
1487602292	39.054694	117.651691
1487602292	39.054694	117.651691
1487602292	39.054694	117.651691
1487602292	39.054694	117.651691
1487621345	39.054757	117.651682
1487621376	39.054757	117.651682
1487621407	39.054757	117.651682
1487621438	39.054757	117.651682
1487621439	39.054757	117.651682
1487621441	39.054757	117.651682
1487621443	39.054757	117.651682
1487621445	39.054757	117.651682
1487621447	39.054757	117.651682
1487621448	39.054757	117.651682
1487621450	39.054757	117.651682
1487621452	39.054757	117.651682
1487621454	39.054757	117.651682
1487621456	39.054757	117.651682
1487621462	39.054757	117.651682
1487621464	39.054757	117.651682
1487621466	39.054757	117.651682
1487621468	39.054757	117.651682
1487621469	39.054757	117.651682
1487621471	39.054757	117.651682
1487621473	39.054757	117.651682
1487621475	39.054757	117.651682
1487621476	39.054757	117.651682
1487621478	39.054757	117.651682
1487621481	39.054757	117.651682
1487621483	39.054757	117.651682
1487621485	39.054757	117.651682
1487621486	39.054757	117.651682
1487621493	39.054757	117.651682
1487621495	39.054757	117.651682
1487621496	39.054757	117.651682
1487621500	39.054757	117.651682
1487621501	39.054757	117.651682
1487621504	39.054757	117.651682
1487621539	39.054757	117.651682
1487621572	39.054757	117.651682
1487621603	39.054757	117.651682
1487621634	39.054757	117.651682
1487621665	39.054757	117.651682
1487621696	39.054757	117.651682
1487621728	39.054757	117.651682
1487621759	39.054757	117.651682
1487621789	39.054757	117.651682
1487621820	39.054757	117.651682
1487621850	39.054757	117.651682
1487621883	39.054757	117.651682
1487621914	39.054757	117.651682
1487621944	39.054757	117.651682
1487621975	39.054757	117.651682
1487622005	39.054757	117.651682
1487622038	39.054757	117.651682
1487622068	39.054757	117.651682
1487622099	39.054757	117.651682
1487622129	39.054757	117.651682
1487622160	39.054757	117.651682
1487622192	39.054757	117.651682
1487622223	39.054757	117.651682
1487622253	39.054757	117.651682
1487622284	39.054757	117.651682
1487622314	39.054757	117.651682
1487642516	39.054664	117.65211
1487642516	39.054664	117.65211
1487642516	39.054664	117.65211
1487642516	39.054664	117.65211
1487642516	39.054664	117.65211
1487642547	39.054664	117.65211
1487642547	39.054664	117.65211
1487642547	39.054664	117.65211
1487642547	39.054664	117.65211
1487642547	39.054664	117.65211
1487642549	39.054664	117.65211
1487642549	39.054664	117.65211
1487642549	39.054664	117.65211
1487642549	39.054664	117.65211
1487642549	39.054664	117.65211
1487642552	39.054664	117.65211
1487642552	39.054664	117.65211
1487642552	39.054664	117.65211
1487642552	39.054664	117.65211
1487642552	39.054664	117.65211
1487642553	39.054664	117.65211
1487642553	39.054664	117.65211
1487642553	39.054664	117.65211
1487642553	39.054664	117.65211
1487642553	39.054664	117.65211
1487642555	39.054664	117.65211
1487642555	39.054664	117.65211
1487642555	39.054664	117.65211
1487642555	39.054664	117.65211
1487642555	39.054664	117.65211
1487642557	39.054664	117.65211
1487642557	39.054664	117.65211
1487642557	39.054664	117.65211
1487642557	39.054664	117.65211
1487642557	39.054664	117.65211
1487642559	39.054664	117.65211
1487642559	39.054664	117.65211
1487642559	39.054664	117.65211
1487642559	39.054664	117.65211
1487642559	39.054664	117.65211
1487642561	39.054664	117.65211
1487642561	39.054664	117.65211
1487642561	39.054664	117.65211
1487642561	39.054664	117.65211
1487642561	39.054664	117.65211
1487642562	39.054664	117.65211
1487642562	39.054664	117.65211
1487642562	39.054664	117.65211
1487642562	39.054664	117.65211
1487642562	39.054664	117.65211
1487642566	39.054664	117.65211
1487642566	39.054664	117.65211
1487642566	39.054664	117.65211
1487642566	39.054664	117.65211
1487642566	39.054664	117.65211
1487642568	39.054664	117.65211
1487642568	39.054664	117.65211
1487642568	39.054664	117.65211
1487642568	39.054664	117.65211
1487642568	39.054664	117.65211
1487642570	39.054664	117.65211
1487642570	39.054664	117.65211
1487642570	39.054664	117.65211
1487642570	39.054664	117.65211
1487642570	39.054664	117.65211
1487642572	39.054664	117.65211
1487642572	39.054664	117.65211
1487642572	39.054664	117.65211
1487642572	39.054664	117.65211
1487642572	39.054664	117.65211
1487642574	39.054664	117.65211
1487642574	39.054664	117.65211
1487642574	39.054664	117.65211
1487642574	39.054664	117.65211
1487642574	39.054664	117.65211
1487642577	39.054664	117.65211
1487642577	39.054664	117.65211
1487642577	39.054664	117.65211
1487642577	39.054664	117.65211
1487642577	39.054664	117.65211
1487642579	39.054664	117.65211
1487642579	39.054664	117.65211
1487642579	39.054664	117.65211
1487642579	39.054664	117.65211
1487642579	39.054664	117.65211
1487642581	39.054664	117.65211
1487642581	39.054664	117.65211
1487642581	39.054664	117.65211
1487642581	39.054664	117.65211
1487642581	39.054664	117.65211
1487642583	39.054664	117.65211
1487642583	39.054664	117.65211
1487642583	39.054664	117.65211
1487642583	39.054664	117.65211
1487642583	39.054664	117.65211
1487642585	39.054664	117.65211
1487642585	39.054664	117.65211
1487642585	39.054664	117.65211
1487642585	39.054664	117.65211
1487642585	39.054664	117.65211
1487642587	39.054664	117.65211
1487642587	39.054664	117.65211
1487642587	39.054664	117.65211
1487642587	39.054664	117.65211
1487642587	39.054664	117.65211
1487642590	39.054664	117.65211
1487642590	39.054664	117.65211
1487642590	39.054664	117.65211
1487642590	39.054664	117.65211
1487642590	39.054664	117.65211
1487642592	39.054664	117.65211
1487642592	39.054664	117.65211
1487642592	39.054664	117.65211
1487642592	39.054664	117.65211
1487642592	39.054664	117.65211
1487642594	39.054664	117.65211
1487642594	39.054664	117.65211
1487642594	39.054664	117.65211
1487642594	39.054664	117.65211
1487642594	39.054664	117.65211
1487642596	39.054664	117.65211
1487642596	39.054664	117.65211
1487642596	39.054664	117.65211
1487642596	39.054664	117.65211
1487642596	39.054664	117.65211
1487642598	39.054664	117.65211
1487642598	39.054664	117.65211
1487642598	39.054664	117.65211
1487642598	39.054664	117.65211
1487642598	39.054664	117.65211
1487642600	39.054664	117.65211
1487642600	39.054664	117.65211
1487642600	39.054664	117.65211
1487642600	39.054664	117.65211
1487642600	39.054664	117.65211
1487642602	39.054664	117.65211
1487642602	39.054664	117.65211
1487642602	39.054664	117.65211
1487642602	39.054664	117.65211
1487642602	39.054664	117.65211
1487642608	39.054664	117.65211
1487642608	39.054664	117.65211
1487642608	39.054664	117.65211
1487642608	39.054664	117.65211
1487642608	39.054664	117.65211
1487642610	39.054664	117.65211
1487642610	39.054664	117.65211
1487642610	39.054664	117.65211
1487642610	39.054664	117.65211
1487642610	39.054664	117.65211
1487642612	39.054664	117.65211
1487642612	39.054664	117.65211
1487642612	39.054664	117.65211
1487642612	39.054664	117.65211
1487642612	39.054664	117.65211
1487642614	39.054664	117.65211
1487642614	39.054664	117.65211
1487642614	39.054664	117.65211
1487642614	39.054664	117.65211
1487642614	39.054664	117.65211
1487642645	39.054664	117.65211
1487642645	39.054664	117.65211
1487642645	39.054664	117.65211
1487642645	39.054664	117.65211
1487642645	39.054664	117.65211
1487642675	39.054664	117.65211
1487642675	39.054664	117.65211
1487642675	39.054664	117.65211
1487642675	39.054664	117.65211
1487642675	39.054664	117.65211
1487642709	39.054699	117.651714
1487642709	39.054699	117.651714
1487642709	39.054699	117.651714
1487642709	39.054699	117.651714
1487642709	39.054699	117.651714
1487647450	39.054707	117.651698
1487647450	39.054707	117.651698
1487647450	39.054707	117.651698
1487647450	39.054707	117.651698
1487647450	39.054707	117.651698
1487647481	39.054707	117.651698
1487647481	39.054707	117.651698
1487647481	39.054707	117.651698
1487647481	39.054707	117.651698
1487647481	39.054707	117.651698
1487647517	39.054707	117.651698
1487647517	39.054707	117.651698
1487647517	39.054707	117.651698
1487647517	39.054707	117.651698
1487647517	39.054707	117.651698
1487647548	39.054707	117.651698
1487647548	39.054707	117.651698
1487647548	39.054707	117.651698
1487647548	39.054707	117.651698
1487647548	39.054707	117.651698
1487647579	39.054707	117.651698
1487647579	39.054707	117.651698
1487647579	39.054707	117.651698
1487647579	39.054707	117.651698
1487647579	39.054707	117.651698
1487647610	39.054707	117.651698
1487647610	39.054707	117.651698
1487647610	39.054707	117.651698
1487647610	39.054707	117.651698
1487647610	39.054707	117.651698
1487647641	39.054707	117.651698
1487647641	39.054707	117.651698
1487647641	39.054707	117.651698
1487647641	39.054707	117.651698
1487647641	39.054707	117.651698
1487647672	39.054707	117.651698
1487647672	39.054707	117.651698
1487647672	39.054707	117.651698
1487647672	39.054707	117.651698
1487647672	39.054707	117.651698
1487647703	39.054707	117.651698
1487647703	39.054707	117.651698
1487647703	39.054707	117.651698
1487647703	39.054707	117.651698
1487647703	39.054707	117.651698
1487647733	39.054707	117.651698
1487647733	39.054707	117.651698
1487647733	39.054707	117.651698
1487647733	39.054707	117.651698
1487647733	39.054707	117.651698
1487650489	39.054698	117.651694
1487650489	39.054698	117.651694
1487650489	39.054698	117.651694
1487650489	39.054698	117.651694
1487650489	39.054698	117.651694
1487650520	39.054698	117.651694
1487650520	39.054698	117.651694
1487650520	39.054698	117.651694
1487650520	39.054698	117.651694
1487650520	39.054698	117.651694
1487650551	39.054698	117.651694
1487650551	39.054698	117.651694
1487650551	39.054698	117.651694
1487650551	39.054698	117.651694
1487650551	39.054698	117.651694
1487650582	39.054698	117.651694
1487650582	39.054698	117.651694
1487650582	39.054698	117.651694
1487650582	39.054698	117.651694
1487650582	39.054698	117.651694
1487650583	39.054698	117.651694
1487650583	39.054698	117.651694
1487650583	39.054698	117.651694
1487650583	39.054698	117.651694
1487650583	39.054698	117.651694
1487650585	39.054698	117.651694
1487650585	39.054698	117.651694
1487650585	39.054698	117.651694
1487650585	39.054698	117.651694
1487650585	39.054698	117.651694
1487650587	39.054698	117.651694
1487650587	39.054698	117.651694
1487650587	39.054698	117.651694
1487650587	39.054698	117.651694
1487650587	39.054698	117.651694
1487650589	39.054698	117.651694
1487650589	39.054698	117.651694
1487650589	39.054698	117.651694
1487650589	39.054698	117.651694
1487650589	39.054698	117.651694
1487650591	39.054698	117.651694
1487650591	39.054698	117.651694
1487650591	39.054698	117.651694
1487650591	39.054698	117.651694
1487650591	39.054698	117.651694
1487650593	39.054698	117.651694
1487650593	39.054698	117.651694
1487650593	39.054698	117.651694
1487650593	39.054698	117.651694
1487650593	39.054698	117.651694
1487650595	39.054698	117.651694
1487650595	39.054698	117.651694
1487650595	39.054698	117.651694
1487650595	39.054698	117.651694
1487650595	39.054698	117.651694
1487650597	39.054698	117.651694
1487650597	39.054698	117.651694
1487650597	39.054698	117.651694
1487650597	39.054698	117.651694
1487650597	39.054698	117.651694
1487650598	39.054698	117.651694
1487650598	39.054698	117.651694
1487650598	39.054698	117.651694
1487650598	39.054698	117.651694
1487650598	39.054698	117.651694
1487650600	39.054698	117.651694
1487650600	39.054698	117.651694
1487650600	39.054698	117.651694
1487650600	39.054698	117.651694
1487650600	39.054698	117.651694
1487650602	39.054698	117.651694
1487650602	39.054698	117.651694
1487650602	39.054698	117.651694
1487650602	39.054698	117.651694
1487650602	39.054698	117.651694
1487650604	39.054698	117.651694
1487650604	39.054698	117.651694
1487650604	39.054698	117.651694
1487650604	39.054698	117.651694
1487650604	39.054698	117.651694
1487650606	39.054698	117.651694
1487650606	39.054698	117.651694
1487650606	39.054698	117.651694
1487650606	39.054698	117.651694
1487650606	39.054698	117.651694
1487650609	39.054698	117.651694
1487650609	39.054698	117.651694
1487650609	39.054698	117.651694
1487650609	39.054698	117.651694
1487650609	39.054698	117.651694
1487650610	39.054698	117.651694
1487650610	39.054698	117.651694
1487650610	39.054698	117.651694
1487650610	39.054698	117.651694
1487650610	39.054698	117.651694
1487650612	39.054698	117.651694
1487650612	39.054698	117.651694
1487650612	39.054698	117.651694
1487650612	39.054698	117.651694
1487650612	39.054698	117.651694
1487650614	39.054698	117.651694
1487650614	39.054698	117.651694
1487650614	39.054698	117.651694
1487650614	39.054698	117.651694
1487650614	39.054698	117.651694
1487650616	39.054698	117.651694
1487650616	39.054698	117.651694
1487650616	39.054698	117.651694
1487650616	39.054698	117.651694
1487650616	39.054698	117.651694
1487650623	39.054698	117.651694
1487650623	39.054698	117.651694
1487650623	39.054698	117.651694
1487650623	39.054698	117.651694
1487650623	39.054698	117.651694
1487650625	39.054698	117.651694
1487650625	39.054698	117.651694
1487650625	39.054698	117.651694
1487650625	39.054698	117.651694
1487650625	39.054698	117.651694
1487650626	39.054698	117.651694
1487650626	39.054698	117.651694
1487650626	39.054698	117.651694
1487650626	39.054698	117.651694
1487650626	39.054698	117.651694
1487650628	39.054698	117.651694
1487650628	39.054698	117.651694
1487650628	39.054698	117.651694
1487650628	39.054698	117.651694
1487650628	39.054698	117.651694
1487650630	39.054698	117.651694
1487650630	39.054698	117.651694
1487650630	39.054698	117.651694
1487650630	39.054698	117.651694
1487650630	39.054698	117.651694
1487650632	39.054698	117.651694
1487650632	39.054698	117.651694
1487650632	39.054698	117.651694
1487650632	39.054698	117.651694
1487650632	39.054698	117.651694
1487650635	39.054698	117.651694
1487650635	39.054698	117.651694
1487650635	39.054698	117.651694
1487650635	39.054698	117.651694
1487650635	39.054698	117.651694
1487650637	39.054698	117.651694
1487650637	39.054698	117.651694
1487650637	39.054698	117.651694
1487650637	39.054698	117.651694
1487650637	39.054698	117.651694
1487650638	39.054698	117.651694
1487650638	39.054698	117.651694
1487650638	39.054698	117.651694
1487650638	39.054698	117.651694
1487650638	39.054698	117.651694
1487650640	39.054698	117.651694
1487650640	39.054698	117.651694
1487650640	39.054698	117.651694
1487650640	39.054698	117.651694
1487650640	39.054698	117.651694
1487650642	39.054698	117.651694
1487650642	39.054698	117.651694
1487650642	39.054698	117.651694
1487650642	39.054698	117.651694
1487650642	39.054698	117.651694
1487650644	39.054698	117.651694
1487650644	39.054698	117.651694
1487650644	39.054698	117.651694
1487650644	39.054698	117.651694
1487650644	39.054698	117.651694
1487650676	39.054698	117.651694
1487650676	39.054698	117.651694
1487650676	39.054698	117.651694
1487650676	39.054698	117.651694
1487650676	39.054698	117.651694
1487650707	39.054698	117.651694
1487650707	39.054698	117.651694
1487650707	39.054698	117.651694
1487650707	39.054698	117.651694
1487650707	39.054698	117.651694
1487650738	39.054698	117.651694
1487650738	39.054698	117.651694
1487650738	39.054698	117.651694
1487650738	39.054698	117.651694
1487650738	39.054698	117.651694
1487650769	39.054698	117.651694
1487650769	39.054698	117.651694
1487650769	39.054698	117.651694
1487650769	39.054698	117.651694
1487650769	39.054698	117.651694
1487650799	39.054698	117.651694
1487650799	39.054698	117.651694
1487650799	39.054698	117.651694
1487650799	39.054698	117.651694
1487650799	39.054698	117.651694
1487650830	39.054698	117.651694
1487650830	39.054698	117.651694
1487650830	39.054698	117.651694
1487650830	39.054698	117.651694
1487650830	39.054698	117.651694
1487650862	39.054698	117.651694
1487650862	39.054698	117.651694
1487650862	39.054698	117.651694
1487650862	39.054698	117.651694
1487650862	39.054698	117.651694
1487650893	39.054698	117.651694
1487650893	39.054698	117.651694
1487650893	39.054698	117.651694
1487650893	39.054698	117.651694
1487650893	39.054698	117.651694
1487650925	39.054698	117.651694
1487650925	39.054698	117.651694
1487650925	39.054698	117.651694
1487650925	39.054698	117.651694
1487650925	39.054698	117.651694
1487650957	39.054698	117.651694
1487650957	39.054698	117.651694
1487650957	39.054698	117.651694
1487650957	39.054698	117.651694
1487650957	39.054698	117.651694
1487650987	39.054698	117.651694
1487650987	39.054698	117.651694
1487650987	39.054698	117.651694
1487650987	39.054698	117.651694
1487650987	39.054698	117.651694
1487651019	39.054698	117.651694
1487651019	39.054698	117.651694
1487651019	39.054698	117.651694
1487651019	39.054698	117.651694
1487651019	39.054698	117.651694
1487651050	39.054698	117.651694
1487651050	39.054698	117.651694
1487651050	39.054698	117.651694
1487651050	39.054698	117.651694
1487651050	39.054698	117.651694
1487651081	39.054698	117.651694
1487651081	39.054698	117.651694
1487651081	39.054698	117.651694
1487651081	39.054698	117.651694
1487651081	39.054698	117.651694
1487651113	39.054698	117.651694
1487651113	39.054698	117.651694
1487651113	39.054698	117.651694
1487651113	39.054698	117.651694
1487651113	39.054698	117.651694
1487651144	39.054698	117.651694
1487651144	39.054698	117.651694
1487651144	39.054698	117.651694
1487651144	39.054698	117.651694
1487651144	39.054698	117.651694
1487651175	39.054698	117.651694
1487651175	39.054698	117.651694
1487651175	39.054698	117.651694
1487651175	39.054698	117.651694
1487651175	39.054698	117.651694
1487651206	39.054698	117.651694
1487651206	39.054698	117.651694
1487651206	39.054698	117.651694
1487651206	39.054698	117.651694
1487651206	39.054698	117.651694
1487651237	39.054698	117.651694
1487651237	39.054698	117.651694
1487651237	39.054698	117.651694
1487651237	39.054698	117.651694
1487651237	39.054698	117.651694
1487651267	39.054698	117.651694
1487651267	39.054698	117.651694
1487651267	39.054698	117.651694
1487651267	39.054698	117.651694
1487651267	39.054698	117.651694
1487651298	39.054698	117.651694
1487651298	39.054698	117.651694
1487651298	39.054698	117.651694
1487651298	39.054698	117.651694
1487651298	39.054698	117.651694
