1487602376	34.273645	117.191389
1487602376	34.273645	117.191389
1487602646	34.273645	117.191389
1487602646	34.273645	117.191389
1487602646	34.273645	117.191389
1487602659	34.358445	117.077746
1487602721	34.357705	117.079916
1487602749	34.273645	117.191389
1487602749	34.273645	117.191389
1487602749	34.273645	117.191389
1487602831	34.273736	117.191309
1487602831	34.273736	117.191309
1487602831	34.273736	117.191309
1487602855	34.273736	117.191309
1487602855	34.273736	117.191309
1487602855	34.273736	117.191309
1487602893	34.273736	117.191309
1487602893	34.273736	117.191309
1487602893	34.273736	117.191309
1487602902	34.273736	117.191309
1487602902	34.273736	117.191309
1487602902	34.273736	117.191309
1487602926	34.273736	117.191309
1487602926	34.273736	117.191309
1487602926	34.273736	117.191309
1487602932	34.273736	117.191309
1487602932	34.273736	117.191309
1487602932	34.273736	117.191309
1487602942	34.273736	117.191309
1487602942	34.273736	117.191309
1487602942	34.273736	117.191309
1487602966	34.273736	117.191309
1487602966	34.273736	117.191309
1487602966	34.273736	117.191309
1487602972	34.273736	117.191309
1487602972	34.273736	117.191309
1487602972	34.273736	117.191309
1487603007	34.273736	117.191309
1487603007	34.273736	117.191309
1487603007	34.273736	117.191309
1487603025	34.273736	117.191309
1487603025	34.273736	117.191309
1487603025	34.273736	117.191309
1487603051	34.273736	117.191309
1487603051	34.273736	117.191309
1487603051	34.273736	117.191309
1487603123	34.273736	117.191309
1487603123	34.273736	117.191309
1487603123	34.273736	117.191309
1487603175	34.273736	117.191309
1487603175	34.273736	117.191309
1487603175	34.273736	117.191309
1487603204	34.357478	117.079429
1487603243	34.273745	117.191439
1487603243	34.273745	117.191439
1487603243	34.273745	117.191439
1487603359	34.273745	117.191439
1487603359	34.273745	117.191439
1487603359	34.273745	117.191439
1487603402	34.273745	117.191439
1487603402	34.273745	117.191439
1487603402	34.273745	117.191439
1487603444	34.273745	117.191439
1487603444	34.273745	117.191439
1487603444	34.273745	117.191439
1487603508	34.273745	117.191439
1487603508	34.273745	117.191439
1487603508	34.273745	117.191439
1487603556	34.273728	117.191312
1487603556	34.273728	117.191312
1487603556	34.273728	117.191312
1487603599	34.273728	117.191312
1487603599	34.273728	117.191312
1487603599	34.273728	117.191312
1487603642	34.273663	117.19136
1487603642	34.273663	117.19136
1487603642	34.273663	117.19136
1487603683	34.273703	117.191342
1487603683	34.273703	117.191342
1487603683	34.273703	117.191342
1487603748	34.273695	117.191343
1487603748	34.273695	117.191343
1487603748	34.273695	117.191343
1487603844	34.273728	117.191318
1487603844	34.273728	117.191318
1487603844	34.273728	117.191318
1487603845	34.357478	117.079429
1487603879	34.273728	117.191318
1487603879	34.273728	117.191318
1487603879	34.273728	117.191318
1487603889	34.273728	117.191318
1487603889	34.273728	117.191318
1487603889	34.273728	117.191318
1487603897	34.273728	117.191318
1487603897	34.273728	117.191318
1487603897	34.273728	117.191318
1487603919	34.273777	117.191354
1487603919	34.273777	117.191354
1487603919	34.273777	117.191354
1487603937	34.273777	117.191354
1487603937	34.273777	117.191354
1487603937	34.273777	117.191354
1487603945	34.273777	117.191354
1487603945	34.273777	117.191354
1487603945	34.273777	117.191354
1487603991	34.273777	117.191354
1487603991	34.273777	117.191354
1487603991	34.273777	117.191354
1487604000	34.357685	117.079736
1487604037	34.273777	117.191354
1487604037	34.273777	117.191354
1487604037	34.273777	117.191354
1487604077	34.357576	117.079733
1487604118	34.273733	117.191378
1487604118	34.273733	117.191378
1487604118	34.273733	117.191378
1487604192	34.357576	117.079733
1487604218	34.273733	117.191378
1487604218	34.273733	117.191378
1487604218	34.273733	117.191378
1487604266	34.273733	117.191378
1487604266	34.273733	117.191378
1487604266	34.273733	117.191378
1487604309	34.273733	117.191378
1487604309	34.273733	117.191378
1487604309	34.273733	117.191378
1487604363	34.357576	117.079733
1487604493	34.273732	117.191398
1487604493	34.273732	117.191398
1487604493	34.273732	117.191398
1487604530	34.273646	117.191348
1487604530	34.273646	117.191348
1487604530	34.273646	117.191348
1487604661	34.273655	117.191388
1487604661	34.273655	117.191388
1487604661	34.273655	117.191388
1487604776	34.273728	117.191328
1487604776	34.273728	117.191328
1487604776	34.273728	117.191328
1487604907	34.273728	117.191328
1487604907	34.273728	117.191328
1487604907	34.273728	117.191328
1487604986	34.273707	117.191317
1487604986	34.273707	117.191317
1487604986	34.273707	117.191317
1487605116	34.273733	117.191367
1487605116	34.273733	117.191367
1487605116	34.273733	117.191367
1487605332	34.273733	117.191367
1487605332	34.273733	117.191367
1487605332	34.273733	117.191367
1487605473	34.357576	117.079733
1487605541	34.273681	117.191322
1487605541	34.273681	117.191322
1487605541	34.273681	117.191322
1487605622	34.357576	117.079733
1487605740	34.357576	117.079733
1487605744	34.273676	117.191336
1487605744	34.273676	117.191336
1487605744	34.273676	117.191336
1487605870	34.357576	117.079733
1487606076	34.273676	117.191336
1487606076	34.273676	117.191336
1487606076	34.273676	117.191336
1487606125	34.357625	117.079684
1487606234	34.358962	117.079305
1487606315	34.357655	117.079393
1487606359	34.273676	117.191336
1487606359	34.273676	117.191336
1487606359	34.273676	117.191336
1487606423	34.357655	117.079393
1487606517	34.273676	117.191336
1487606517	34.273676	117.191336
1487606517	34.273676	117.191336
1487606656	34.357655	117.079393
1487606666	34.273712	117.191369
1487606666	34.273712	117.191369
1487606666	34.273712	117.191369
1487606868	34.273712	117.191369
1487606868	34.273712	117.191369
1487606868	34.273712	117.191369
1487606896	34.357655	117.079393
1487606983	34.357631	117.079663
1487607093	34.357631	117.079663
1487607136	34.273769	117.191297
1487607136	34.273769	117.191297
1487607136	34.273769	117.191297
1487607182	34.357631	117.079663
1487607212	34.273742	117.191274
1487607212	34.273742	117.191274
1487607212	34.273742	117.191274
1487607308	34.357631	117.079663
1487607349	34.273279	117.191187
1487607349	34.273279	117.191187
1487607349	34.273279	117.191187
1487607384	34.357631	117.079663
1487607425	34.357631	117.079663
1487607516	34.357631	117.079663
1487607586	34.273785	117.191333
1487607586	34.273785	117.191333
1487607586	34.273785	117.191333
1487607767	34.357631	117.079663
1487607808	34.273681	117.191352
1487607808	34.273681	117.191352
1487607808	34.273681	117.191352
1487607824	34.357534	117.079761
1487607862	34.357534	117.079761
1487607879	34.357534	117.079761
1487607894	34.357534	117.079761
1487607907	34.357534	117.079761
1487607913	34.357534	117.079761
1487607920	34.357534	117.079761
1487607930	34.357534	117.079761
1487607942	34.357534	117.079761
1487607954	34.357534	117.079761
1487607962	34.357534	117.079761
1487607969	34.357534	117.079761
1487607976	34.357534	117.079761
1487607983	34.357534	117.079761
1487607993	34.357534	117.079761
1487608002	34.35763	117.079653
1487608009	34.35763	117.079653
1487608022	34.35763	117.079653
1487608035	34.35763	117.079653
1487608041	34.35763	117.079653
1487608055	34.35759	117.079708
1487608064	34.35759	117.079708
1487608072	34.35759	117.079708
1487608078	34.35759	117.079708
1487608087	34.35759	117.079708
1487608095	34.35759	117.079708
1487608103	34.35759	117.079708
1487608147	34.35759	117.079708
1487608154	34.35759	117.079708
1487608161	34.35759	117.079708
1487608176	34.357504	117.079739
1487608184	34.357504	117.079739
1487608221	34.357504	117.079739
1487608259	34.35756	117.079782
1487608334	34.35756	117.079782
1487608429	34.35763	117.07967
1487608544	34.35763	117.07967
1487608636	34.357542	117.079757
1487608672	34.357542	117.079757
1487608713	34.357542	117.079757
1487609506	34.357859	117.081459
1487609649	34.273742	117.191353
1487609649	34.273742	117.191353
1487609649	34.273742	117.191353
1487609673	34.358118	117.083212
1487609790	34.273742	117.191353
1487609790	34.273742	117.191353
1487609790	34.273742	117.191353
1487609800	34.358129	117.094696
1487609843	34.273685	117.191398
1487609843	34.273685	117.191398
1487609843	34.273685	117.191398
1487609910	34.358153	117.09454
1487609984	34.358254	117.094731
1487610020	34.273685	117.191398
1487610020	34.273685	117.191398
1487610020	34.273685	117.191398
1487610072	34.358254	117.094731
1487610235	34.358355	117.095312
1487610364	34.358355	117.095312
1487610432	34.358355	117.095312
1487610515	34.358658	117.095824
1487610598	34.358754	117.095856
1487610662	34.358564	117.095715
1487610700	34.358564	117.095715
1487610784	34.358564	117.095715
1487610936	34.358564	117.095715
1487611135	34.358564	117.095715
1487611267	34.358564	117.095715
1487611413	34.358564	117.095715
1487611433	34.269018	117.177849
1487611433	34.269018	117.177849
1487611433	34.269018	117.177849
1487611465	34.269018	117.177849
1487611465	34.269018	117.177849
1487611465	34.269018	117.177849
1487611584	34.269018	117.177849
1487611584	34.269018	117.177849
1487611584	34.269018	117.177849
1487611586	34.358382	117.095283
1487611618	34.269018	117.177849
1487611618	34.269018	117.177849
1487611618	34.269018	117.177849
1487611624	34.358382	117.095283
1487611667	34.269018	117.177849
1487611667	34.269018	117.177849
1487611667	34.269018	117.177849
1487611668	34.358426	117.095305
1487611711	34.358426	117.095305
1487611760	34.358426	117.095305
1487611772	34.269018	117.177849
1487611772	34.269018	117.177849
1487611772	34.269018	117.177849
1487611803	34.358426	117.095305
1487611846	34.358426	117.095305
1487611888	34.358426	117.095305
1487611940	34.358426	117.095305
1487611960	34.358426	117.095305
1487611992	34.269018	117.177849
1487611992	34.269018	117.177849
1487611992	34.269018	117.177849
1487612007	34.358426	117.095305
1487612023	34.269038	117.17784
1487612023	34.269038	117.17784
1487612023	34.269038	117.17784
1487612026	34.269038	117.17784
1487612026	34.269038	117.17784
1487612026	34.269038	117.17784
1487612030	34.269038	117.17784
1487612030	34.269038	117.17784
1487612030	34.269038	117.17784
1487612033	34.269038	117.17784
1487612033	34.269038	117.17784
1487612033	34.269038	117.17784
1487612034	34.358426	117.095305
1487612038	34.269038	117.17784
1487612038	34.269038	117.17784
1487612038	34.269038	117.17784
1487612041	34.358426	117.095305
1487612042	34.269038	117.17784
1487612042	34.269038	117.17784
1487612042	34.269038	117.17784
1487612044	34.269038	117.17784
1487612044	34.269038	117.17784
1487612044	34.269038	117.17784
1487612047	34.269038	117.17784
1487612047	34.269038	117.17784
1487612047	34.269038	117.17784
1487612049	34.269038	117.17784
1487612049	34.269038	117.17784
1487612049	34.269038	117.17784
1487612051	34.269038	117.17784
1487612051	34.269038	117.17784
1487612051	34.269038	117.17784
1487612053	34.269038	117.17784
1487612053	34.269038	117.17784
1487612053	34.269038	117.17784
1487612055	34.269038	117.17784
1487612055	34.269038	117.17784
1487612055	34.269038	117.17784
1487612058	34.269038	117.17784
1487612058	34.269038	117.17784
1487612058	34.269038	117.17784
1487612060	34.269038	117.17784
1487612060	34.269038	117.17784
1487612060	34.269038	117.17784
1487612062	34.358426	117.095305
1487612063	34.269038	117.17784
1487612063	34.269038	117.17784
1487612063	34.269038	117.17784
1487612066	34.269038	117.17784
1487612066	34.269038	117.17784
1487612066	34.269038	117.17784
1487612068	34.269038	117.17784
1487612068	34.269038	117.17784
1487612068	34.269038	117.17784
1487612071	34.269038	117.17784
1487612071	34.269038	117.17784
1487612071	34.269038	117.17784
1487612074	34.269038	117.17784
1487612074	34.269038	117.17784
1487612074	34.269038	117.17784
1487612076	34.269038	117.17784
1487612076	34.269038	117.17784
1487612076	34.269038	117.17784
1487612078	34.269038	117.17784
1487612078	34.269038	117.17784
1487612078	34.269038	117.17784
1487612081	34.269038	117.17784
1487612081	34.269038	117.17784
1487612081	34.269038	117.17784
1487612084	34.269038	117.17784
1487612084	34.269038	117.17784
1487612084	34.269038	117.17784
1487612086	34.269038	117.17784
1487612086	34.269038	117.17784
1487612086	34.269038	117.17784
1487612090	34.269038	117.17784
1487612090	34.269038	117.17784
1487612090	34.269038	117.17784
1487612093	34.269038	117.17784
1487612093	34.269038	117.17784
1487612093	34.269038	117.17784
1487612096	34.269038	117.17784
1487612096	34.269038	117.17784
1487612096	34.269038	117.17784
1487612098	34.269038	117.17784
1487612098	34.269038	117.17784
1487612098	34.269038	117.17784
1487612100	34.269038	117.17784
1487612100	34.269038	117.17784
1487612100	34.269038	117.17784
1487612103	34.269038	117.17784
1487612103	34.269038	117.17784
1487612103	34.269038	117.17784
1487612105	34.269038	117.17784
1487612105	34.269038	117.17784
1487612105	34.269038	117.17784
1487612109	34.358426	117.095305
1487612137	34.269038	117.17784
1487612137	34.269038	117.17784
1487612137	34.269038	117.17784
1487612138	34.358426	117.095305
1487612159	34.358426	117.095305
1487612169	34.269038	117.17784
1487612169	34.269038	117.17784
1487612169	34.269038	117.17784
1487612179	34.358426	117.095305
1487612187	34.358426	117.095305
1487612202	34.269038	117.17784
1487612202	34.269038	117.17784
1487612202	34.269038	117.17784
1487612212	34.358426	117.095305
1487612231	34.358426	117.095305
1487612233	34.269038	117.17784
1487612233	34.269038	117.17784
1487612233	34.269038	117.17784
1487612242	34.358426	117.095305
1487612250	34.358426	117.095305
1487612265	34.269018	117.177839
1487612265	34.269018	117.177839
1487612265	34.269018	117.177839
1487612273	34.358426	117.095305
1487612281	34.358426	117.095305
1487612296	34.269018	117.177839
1487612296	34.269018	117.177839
1487612296	34.269018	117.177839
1487612303	34.358426	117.095305
1487612326	34.358426	117.095305
1487612328	34.269018	117.177839
1487612328	34.269018	117.177839
1487612328	34.269018	117.177839
1487612337	34.358426	117.095305
1487612351	34.358426	117.095305
1487612359	34.358426	117.095305
1487612361	34.269018	117.177839
1487612361	34.269018	117.177839
1487612361	34.269018	117.177839
1487612367	34.358426	117.095305
1487612411	34.269018	117.177839
1487612411	34.269018	117.177839
1487612411	34.269018	117.177839
1487612442	34.269018	117.177839
1487612442	34.269018	117.177839
1487612442	34.269018	117.177839
1487612463	34.358426	117.095305
1487612473	34.269018	117.177839
1487612473	34.269018	117.177839
1487612473	34.269018	117.177839
1487612506	34.269018	117.177839
1487612506	34.269018	117.177839
1487612506	34.269018	117.177839
1487612543	34.269018	117.177839
1487612543	34.269018	117.177839
1487612543	34.269018	117.177839
1487612629	34.358426	117.095305
1487612737	34.358426	117.095305
1487612786	34.269018	117.177839
1487612786	34.269018	117.177839
1487612786	34.269018	117.177839
1487612818	34.269007	117.177848
1487612818	34.269007	117.177848
1487612818	34.269007	117.177848
1487612849	34.269007	117.177848
1487612849	34.269007	117.177848
1487612849	34.269007	117.177848
1487612880	34.269007	117.177848
1487612880	34.269007	117.177848
1487612880	34.269007	117.177848
1487612917	34.358426	117.095305
1487613057	34.357956	117.083932
1487613281	34.358571	117.096702
1487613380	34.358571	117.096702
1487613454	34.358335	117.095378
1487613516	34.357787	117.082104
1487613578	34.358335	117.095378
1487613640	34.357836	117.08194
1487614891	34.269013	117.177837
1487614891	34.269013	117.177837
1487614891	34.269013	117.177837
1487614922	34.269013	117.177837
1487614922	34.269013	117.177837
1487614922	34.269013	117.177837
1487614925	34.269013	117.177837
1487614925	34.269013	117.177837
1487614925	34.269013	117.177837
1487614927	34.269013	117.177837
1487614927	34.269013	117.177837
1487614927	34.269013	117.177837
1487614932	34.269013	117.177837
1487614932	34.269013	117.177837
1487614932	34.269013	117.177837
1487614934	34.269013	117.177837
1487614934	34.269013	117.177837
1487614934	34.269013	117.177837
1487614938	34.269013	117.177837
1487614938	34.269013	117.177837
1487614938	34.269013	117.177837
1487614940	34.269013	117.177837
1487614940	34.269013	117.177837
1487614940	34.269013	117.177837
1487614942	34.269013	117.177837
1487614942	34.269013	117.177837
1487614942	34.269013	117.177837
1487614951	34.269013	117.177837
1487614951	34.269013	117.177837
1487614951	34.269013	117.177837
1487614953	34.269013	117.177837
1487614953	34.269013	117.177837
1487614953	34.269013	117.177837
1487614964	34.269013	117.177837
1487614964	34.269013	117.177837
1487614964	34.269013	117.177837
1487614969	34.269013	117.177837
1487614969	34.269013	117.177837
1487614969	34.269013	117.177837
1487614971	34.269013	117.177837
1487614971	34.269013	117.177837
1487614971	34.269013	117.177837
1487614974	34.269013	117.177837
1487614974	34.269013	117.177837
1487614974	34.269013	117.177837
1487614976	34.269013	117.177837
1487614976	34.269013	117.177837
1487614976	34.269013	117.177837
1487614979	34.269013	117.177837
1487614979	34.269013	117.177837
1487614979	34.269013	117.177837
1487614982	34.269013	117.177837
1487614982	34.269013	117.177837
1487614982	34.269013	117.177837
1487615011	34.269013	117.177837
1487615011	34.269013	117.177837
1487615011	34.269013	117.177837
1487615039	34.269013	117.177837
1487615039	34.269013	117.177837
1487615039	34.269013	117.177837
1487615041	34.269013	117.177837
1487615041	34.269013	117.177837
1487615041	34.269013	117.177837
1487615044	34.269013	117.177837
1487615044	34.269013	117.177837
1487615044	34.269013	117.177837
1487615046	34.269013	117.177837
1487615046	34.269013	117.177837
1487615046	34.269013	117.177837
1487615048	34.269013	117.177837
1487615048	34.269013	117.177837
1487615048	34.269013	117.177837
1487615051	34.269013	117.177837
1487615051	34.269013	117.177837
1487615051	34.269013	117.177837
1487615053	34.269013	117.177837
1487615053	34.269013	117.177837
1487615053	34.269013	117.177837
1487615065	34.269013	117.177837
1487615065	34.269013	117.177837
1487615065	34.269013	117.177837
1487615070	34.269013	117.177837
1487615070	34.269013	117.177837
1487615070	34.269013	117.177837
1487615076	34.269013	117.177837
1487615076	34.269013	117.177837
1487615076	34.269013	117.177837
1487615102	34.269013	117.177837
1487615102	34.269013	117.177837
1487615102	34.269013	117.177837
1487615117	34.269013	117.177837
1487615117	34.269013	117.177837
1487615117	34.269013	117.177837
1487615120	34.269013	117.177837
1487615120	34.269013	117.177837
1487615120	34.269013	117.177837
1487615430	34.358335	117.095378
1487615469	34.357954	117.083179
1487615482	34.269013	117.177837
1487615482	34.269013	117.177837
1487615482	34.269013	117.177837
1487615506	34.357954	117.083179
1487615513	34.269013	117.177837
1487615513	34.269013	117.177837
1487615513	34.269013	117.177837
1487615547	34.358335	117.095378
1487615549	34.269005	117.177832
1487615549	34.269005	117.177832
1487615549	34.269005	117.177832
1487615582	34.269005	117.177832
1487615582	34.269005	117.177832
1487615582	34.269005	117.177832
1487615588	34.358335	117.095378
1487615614	34.269005	117.177832
1487615614	34.269005	117.177832
1487615614	34.269005	117.177832
1487615627	34.358335	117.095378
1487615646	34.269005	117.177832
1487615646	34.269005	117.177832
1487615646	34.269005	117.177832
1487615662	34.358335	117.095378
1487615677	34.269005	117.177832
1487615677	34.269005	117.177832
1487615677	34.269005	117.177832
1487615700	34.358335	117.095378
1487615710	34.269005	117.177832
1487615710	34.269005	117.177832
1487615710	34.269005	117.177832
1487615737	34.358335	117.095378
1487615747	34.269005	117.177832
1487615747	34.269005	117.177832
1487615747	34.269005	117.177832
1487615778	34.358335	117.095378
1487615779	34.269005	117.177836
1487615779	34.269005	117.177836
1487615779	34.269005	117.177836
1487615810	34.269005	117.177836
1487615810	34.269005	117.177836
1487615810	34.269005	117.177836
1487615823	34.350373	117.082605
1487615863	34.269005	117.177836
1487615863	34.269005	117.177836
1487615863	34.269005	117.177836
1487615873	34.358335	117.095378
1487615880	34.350757	117.083092
1487615888	34.350757	117.083092
1487615894	34.350757	117.083092
1487615901	34.350757	117.083092
1487615908	34.350757	117.083092
1487615920	34.358335	117.095378
1487615924	34.269005	117.177836
1487615924	34.269005	117.177836
1487615924	34.269005	117.177836
1487615926	34.358335	117.095378
1487615936	34.358335	117.095378
1487615943	34.358335	117.095378
1487615965	34.358335	117.095378
1487615965	34.269026	117.177852
1487615965	34.269026	117.177852
1487615965	34.269026	117.177852
1487615971	34.358335	117.095378
1487615984	34.358335	117.095378
1487615990	34.358335	117.095378
1487616001	34.358335	117.095378
1487616003	34.269026	117.177852
1487616003	34.269026	117.177852
1487616003	34.269026	117.177852
1487616008	34.358335	117.095378
1487616013	34.358335	117.095378
1487616019	34.358335	117.095378
1487616027	34.358335	117.095378
1487616037	34.358335	117.095378
1487616037	34.269026	117.177852
1487616037	34.269026	117.177852
1487616037	34.269026	117.177852
1487616043	34.358335	117.095378
1487616054	34.358335	117.095378
1487616059	34.358335	117.095378
1487616084	34.358335	117.095378
1487616117	34.358335	117.095378
1487616165	34.358335	117.095378
1487616199	34.358335	117.095378
1487616225	34.269026	117.177852
1487616225	34.269026	117.177852
1487616225	34.269026	117.177852
1487616231	34.358335	117.095378
1487616256	34.269026	117.177852
1487616256	34.269026	117.177852
1487616256	34.269026	117.177852
1487616264	34.358335	117.095378
1487616296	34.358335	117.095378
1487616317	34.269026	117.177852
1487616317	34.269026	117.177852
1487616317	34.269026	117.177852
1487616328	34.350757	117.083092
1487616352	34.269026	117.177852
1487616352	34.269026	117.177852
1487616352	34.269026	117.177852
1487616370	34.350686	117.082989
1487616405	34.269026	117.177852
1487616405	34.269026	117.177852
1487616405	34.269026	117.177852
1487616465	34.350686	117.082989
1487616547	34.352571	117.084163
1487616639	34.35343	117.08444
1487616715	34.357811	117.082023
1487616716	34.269026	117.177852
1487616716	34.269026	117.177852
1487616716	34.269026	117.177852
1487616748	34.268974	117.177787
1487616748	34.268974	117.177787
1487616748	34.268974	117.177787
1487616774	34.357811	117.082023
1487616929	34.357811	117.082023
1487617182	34.357811	117.082023
1487617247	34.357842	117.081967
1487617417	34.357842	117.081967
1487617516	34.357842	117.081967
1487617668	34.357842	117.081967
1487617765	34.357842	117.081967
1487617804	34.357842	117.081967
1487617845	34.357849	117.083343
1487617883	34.357849	117.083343
1487617919	34.357849	117.083343
1487618081	34.357849	117.083343
1487618730	34.269013	117.177825
1487618730	34.269013	117.177825
1487618730	34.269013	117.177825
1487618770	34.269013	117.177825
1487618770	34.269013	117.177825
1487618770	34.269013	117.177825
1487618816	34.268997	117.17783
1487618816	34.268997	117.17783
1487618816	34.268997	117.17783
1487618859	34.268997	117.17783
1487618859	34.268997	117.17783
1487618859	34.268997	117.17783
1487618902	34.268997	117.17783
1487618902	34.268997	117.17783
1487618902	34.268997	117.17783
1487618948	34.268997	117.17783
1487618948	34.268997	117.17783
1487618948	34.268997	117.17783
1487618990	34.268997	117.17783
1487618990	34.268997	117.17783
1487618990	34.268997	117.17783
1487619032	34.268997	117.17783
1487619032	34.268997	117.17783
1487619032	34.268997	117.17783
1487619075	34.268997	117.17783
1487619075	34.268997	117.17783
1487619075	34.268997	117.17783
1487619117	34.268997	117.17783
1487619117	34.268997	117.17783
1487619117	34.268997	117.17783
1487619161	34.268997	117.17783
1487619161	34.268997	117.17783
1487619161	34.268997	117.17783
1487619206	34.268997	117.17783
1487619206	34.268997	117.17783
1487619206	34.268997	117.17783
1487619238	34.268997	117.17783
1487619238	34.268997	117.17783
1487619238	34.268997	117.17783
1487619269	34.268997	117.17783
1487619269	34.268997	117.17783
1487619269	34.268997	117.17783
1487619300	34.268997	117.17783
1487619300	34.268997	117.17783
1487619300	34.268997	117.17783
1487619336	34.268997	117.17783
1487619336	34.268997	117.17783
1487619336	34.268997	117.17783
1487619367	34.268997	117.17783
1487619367	34.268997	117.17783
1487619367	34.268997	117.17783
1487619399	34.268997	117.17783
1487619399	34.268997	117.17783
1487619399	34.268997	117.17783
1487619430	34.268997	117.17783
1487619430	34.268997	117.17783
1487619430	34.268997	117.17783
1487619461	34.268997	117.17783
1487619461	34.268997	117.17783
1487619461	34.268997	117.17783
1487619496	34.268997	117.17783
1487619496	34.268997	117.17783
1487619496	34.268997	117.17783
1487619527	34.268997	117.17783
1487619527	34.268997	117.17783
1487619527	34.268997	117.17783
1487619559	34.268997	117.17783
1487619559	34.268997	117.17783
1487619559	34.268997	117.17783
1487619590	34.268997	117.17783
1487619590	34.268997	117.17783
1487619590	34.268997	117.17783
1487619621	34.268997	117.17783
1487619621	34.268997	117.17783
1487619621	34.268997	117.17783
1487619655	34.268997	117.17783
1487619655	34.268997	117.17783
1487619655	34.268997	117.17783
1487619686	34.268997	117.17783
1487619686	34.268997	117.17783
1487619686	34.268997	117.17783
1487619724	34.268997	117.17783
1487619724	34.268997	117.17783
1487619724	34.268997	117.17783
1487619755	34.268997	117.17783
1487619755	34.268997	117.17783
1487619755	34.268997	117.17783
1487619786	34.268997	117.17783
1487619786	34.268997	117.17783
1487619786	34.268997	117.17783
1487620508	34.357776	117.083916
1487620689	34.357776	117.083916
1487620758	34.357771	117.084228
1487620854	34.357771	117.084228
1487620903	34.357771	117.084228
1487620924	34.357771	117.084228
1487620932	34.357771	117.084228
1487620939	34.357771	117.084228
1487620970	34.357777	117.084211
1487620977	34.357777	117.084211
1487620984	34.357777	117.084211
1487621003	34.357777	117.084211
1487621022	34.357777	117.084211
1487621041	34.357777	117.084211
1487621061	34.357777	117.084211
1487621086	34.357777	117.084211
1487621116	34.357777	117.084211
1487621141	34.357777	117.084211
1487621152	34.357777	117.084211
1487621173	34.357777	117.084211
1487621200	34.357777	117.084211
1487621221	34.357777	117.084211
1487621257	34.357777	117.084211
1487621297	34.357777	117.084211
1487621315	34.357777	117.084211
1487621339	34.357777	117.084211
1487621360	34.357777	117.084211
1487621409	34.357777	117.084211
1487621430	34.357777	117.084211
1487621460	34.357777	117.084211
1487621467	34.357777	117.084211
1487621479	34.357777	117.084211
1487621580	34.357777	117.084211
1487621615	34.357777	117.084211
1487621653	34.35779	117.084167
1487621691	34.35779	117.084167
1487621745	34.35779	117.084167
1487621802	34.269014	117.177839
1487621802	34.269014	117.177839
1487621802	34.269014	117.177839
1487621818	34.35779	117.084167
1487621834	34.269014	117.177839
1487621834	34.269014	117.177839
1487621834	34.269014	117.177839
1487621854	34.357766	117.084443
1487621865	34.269014	117.177839
1487621865	34.269014	117.177839
1487621865	34.269014	117.177839
1487621892	34.357766	117.084443
1487621896	34.269014	117.177839
1487621896	34.269014	117.177839
1487621896	34.269014	117.177839
1487621927	34.269014	117.177839
1487621927	34.269014	117.177839
1487621927	34.269014	117.177839
1487621930	34.357766	117.084443
1487621961	34.269014	117.177839
1487621961	34.269014	117.177839
1487621961	34.269014	117.177839
1487621971	34.357766	117.084443
1487621992	34.269014	117.177839
1487621992	34.269014	117.177839
1487621992	34.269014	117.177839
1487622016	34.357766	117.084443
1487622025	34.269014	117.177839
1487622025	34.269014	117.177839
1487622025	34.269014	117.177839
1487622051	34.357766	117.084443
1487622056	34.269014	117.177839
1487622056	34.269014	117.177839
1487622056	34.269014	117.177839
1487622087	34.269014	117.177839
1487622087	34.269014	117.177839
1487622087	34.269014	117.177839
1487622096	34.357766	117.084443
1487622122	34.269014	117.177839
1487622122	34.269014	117.177839
1487622122	34.269014	117.177839
1487622136	34.357784	117.08432
1487622160	34.269014	117.177839
1487622160	34.269014	117.177839
1487622160	34.269014	117.177839
1487622181	34.357784	117.08432
1487622192	34.269014	117.177839
1487622192	34.269014	117.177839
1487622192	34.269014	117.177839
1487622222	34.357773	117.084301
1487622223	34.269014	117.177839
1487622223	34.269014	117.177839
1487622223	34.269014	117.177839
1487622261	34.269014	117.177839
1487622261	34.269014	117.177839
1487622261	34.269014	117.177839
1487622262	34.357773	117.084301
1487622299	34.269014	117.177839
1487622299	34.269014	117.177839
1487622299	34.269014	117.177839
1487622301	34.357773	117.084301
1487622332	34.269014	117.177839
1487622332	34.269014	117.177839
1487622332	34.269014	117.177839
1487622365	34.269014	117.177839
1487622365	34.269014	117.177839
1487622365	34.269014	117.177839
1487622369	34.269014	117.177839
1487622369	34.269014	117.177839
1487622369	34.269014	117.177839
1487622371	34.269014	117.177839
1487622371	34.269014	117.177839
1487622371	34.269014	117.177839
1487622373	34.269014	117.177839
1487622373	34.269014	117.177839
1487622373	34.269014	117.177839
1487622375	34.269014	117.177839
1487622375	34.269014	117.177839
1487622375	34.269014	117.177839
1487622380	34.269014	117.177839
1487622380	34.269014	117.177839
1487622380	34.269014	117.177839
1487622382	34.268981	117.177841
1487622382	34.268981	117.177841
1487622382	34.268981	117.177841
1487622384	34.268981	117.177841
1487622384	34.268981	117.177841
1487622384	34.268981	117.177841
1487622387	34.268981	117.177841
1487622387	34.268981	117.177841
1487622387	34.268981	117.177841
1487622391	34.268981	117.177841
1487622391	34.268981	117.177841
1487622391	34.268981	117.177841
1487622395	34.268981	117.177841
1487622395	34.268981	117.177841
1487622395	34.268981	117.177841
1487622397	34.268981	117.177841
1487622397	34.268981	117.177841
1487622397	34.268981	117.177841
1487622406	34.268981	117.177841
1487622406	34.268981	117.177841
1487622406	34.268981	117.177841
1487622408	34.268981	117.177841
1487622408	34.268981	117.177841
1487622408	34.268981	117.177841
1487622413	34.268981	117.177841
1487622413	34.268981	117.177841
1487622413	34.268981	117.177841
1487622417	34.268981	117.177841
1487622417	34.268981	117.177841
1487622417	34.268981	117.177841
1487622420	34.268981	117.177841
1487622420	34.268981	117.177841
1487622420	34.268981	117.177841
1487622422	34.268981	117.177841
1487622422	34.268981	117.177841
1487622422	34.268981	117.177841
1487622424	34.268981	117.177841
1487622424	34.268981	117.177841
1487622424	34.268981	117.177841
1487622426	34.268981	117.177841
1487622426	34.268981	117.177841
1487622426	34.268981	117.177841
1487622429	34.268981	117.177841
1487622429	34.268981	117.177841
1487622429	34.268981	117.177841
1487622431	34.268981	117.177841
1487622431	34.268981	117.177841
1487622431	34.268981	117.177841
1487622433	34.268981	117.177841
1487622433	34.268981	117.177841
1487622433	34.268981	117.177841
1487622436	34.268981	117.177841
1487622436	34.268981	117.177841
1487622436	34.268981	117.177841
1487622439	34.268981	117.177841
1487622439	34.268981	117.177841
1487622439	34.268981	117.177841
1487622441	34.268981	117.177841
1487622441	34.268981	117.177841
1487622441	34.268981	117.177841
1487622443	34.268981	117.177841
1487622443	34.268981	117.177841
1487622443	34.268981	117.177841
1487622445	34.268981	117.177841
1487622445	34.268981	117.177841
1487622445	34.268981	117.177841
1487622449	34.268981	117.177841
1487622449	34.268981	117.177841
1487622449	34.268981	117.177841
1487622451	34.268981	117.177841
1487622451	34.268981	117.177841
1487622451	34.268981	117.177841
1487622453	34.268981	117.177841
1487622453	34.268981	117.177841
1487622453	34.268981	117.177841
1487622489	34.268981	117.177841
1487622489	34.268981	117.177841
1487622489	34.268981	117.177841
1487622520	34.268981	117.177841
1487622520	34.268981	117.177841
1487622520	34.268981	117.177841
1487622555	34.268981	117.177841
1487622555	34.268981	117.177841
1487622555	34.268981	117.177841
1487622587	34.268981	117.177841
1487622587	34.268981	117.177841
1487622587	34.268981	117.177841
1487622618	34.268981	117.177841
1487622618	34.268981	117.177841
1487622618	34.268981	117.177841
1487622641	34.357773	117.084301
1487622649	34.268981	117.177841
1487622649	34.268981	117.177841
1487622649	34.268981	117.177841
1487622677	34.35776	117.084493
1487622680	34.268981	117.177841
1487622680	34.268981	117.177841
1487622680	34.268981	117.177841
1487622714	34.268998	117.177858
1487622714	34.268998	117.177858
1487622714	34.268998	117.177858
1487622715	34.358078	117.08827
1487622745	34.268998	117.177858
1487622745	34.268998	117.177858
1487622745	34.268998	117.177858
1487622752	34.358078	117.08827
1487622776	34.268998	117.177858
1487622776	34.268998	117.177858
1487622776	34.268998	117.177858
1487622809	34.268998	117.177858
1487622809	34.268998	117.177858
1487622809	34.268998	117.177858
1487622840	34.268998	117.177858
1487622840	34.268998	117.177858
1487622840	34.268998	117.177858
1487622851	34.358268	117.093317
1487622946	34.35571	117.09868
1487623990	34.269057	117.177794
1487623990	34.269057	117.177794
1487623990	34.269057	117.177794
1487624061	34.269057	117.177794
1487624061	34.269057	117.177794
1487624061	34.269057	117.177794
1487624290	34.268948	117.177832
1487624290	34.268948	117.177832
1487624290	34.268948	117.177832
1487624463	34.268811	117.177958
1487624463	34.268811	117.177958
1487624463	34.268811	117.177958
1487624657	34.268149	117.1782
1487624657	34.268149	117.1782
1487624657	34.268149	117.1782
1487624793	34.267534	117.179048
1487624793	34.267534	117.179048
1487624793	34.267534	117.179048
1487624885	34.267769	117.179023
1487624885	34.267769	117.179023
1487624885	34.267769	117.179023
1487624941	34.267863	117.179438
1487624941	34.267863	117.179438
1487624941	34.267863	117.179438
1487624966	34.26782	117.179455
1487624966	34.26782	117.179455
1487624966	34.26782	117.179455
1487624978	34.26782	117.179455
1487624978	34.26782	117.179455
1487624978	34.26782	117.179455
1487624990	34.26782	117.179455
1487624990	34.26782	117.179455
1487624990	34.26782	117.179455
1487624997	34.26782	117.179455
1487624997	34.26782	117.179455
1487624997	34.26782	117.179455
1487625007	34.267948	117.179243
1487625007	34.267948	117.179243
1487625007	34.267948	117.179243
1487625015	34.267948	117.179243
1487625015	34.267948	117.179243
1487625015	34.267948	117.179243
1487625029	34.267948	117.179243
1487625029	34.267948	117.179243
1487625029	34.267948	117.179243
1487625035	34.267948	117.179243
1487625035	34.267948	117.179243
1487625035	34.267948	117.179243
1487625041	34.267948	117.179243
1487625041	34.267948	117.179243
1487625041	34.267948	117.179243
1487625047	34.267948	117.179243
1487625047	34.267948	117.179243
1487625047	34.267948	117.179243
1487625061	34.267948	117.179243
1487625061	34.267948	117.179243
1487625061	34.267948	117.179243
1487625068	34.267948	117.179243
1487625068	34.267948	117.179243
1487625068	34.267948	117.179243
1487625075	34.267948	117.179243
1487625075	34.267948	117.179243
1487625075	34.267948	117.179243
1487625086	34.267948	117.179243
1487625086	34.267948	117.179243
1487625086	34.267948	117.179243
1487625093	34.267948	117.179243
1487625093	34.267948	117.179243
1487625093	34.267948	117.179243
1487625100	34.267948	117.179243
1487625100	34.267948	117.179243
1487625100	34.267948	117.179243
1487625108	34.267948	117.179243
1487625108	34.267948	117.179243
1487625108	34.267948	117.179243
1487625117	34.267948	117.179243
1487625117	34.267948	117.179243
1487625117	34.267948	117.179243
1487625123	34.267948	117.179243
1487625123	34.267948	117.179243
1487625123	34.267948	117.179243
1487625133	34.267948	117.179243
1487625133	34.267948	117.179243
1487625133	34.267948	117.179243
1487625148	34.267948	117.179243
1487625148	34.267948	117.179243
1487625148	34.267948	117.179243
1487625169	34.267948	117.179243
1487625169	34.267948	117.179243
1487625169	34.267948	117.179243
1487625179	34.267948	117.179243
1487625179	34.267948	117.179243
1487625179	34.267948	117.179243
1487625190	34.267948	117.179243
1487625190	34.267948	117.179243
1487625190	34.267948	117.179243
1487625202	34.267948	117.179243
1487625202	34.267948	117.179243
1487625202	34.267948	117.179243
1487625208	34.267948	117.179243
1487625208	34.267948	117.179243
1487625208	34.267948	117.179243
1487625221	34.267948	117.179243
1487625221	34.267948	117.179243
1487625221	34.267948	117.179243
1487625231	34.267948	117.179243
1487625231	34.267948	117.179243
1487625231	34.267948	117.179243
1487625239	34.267948	117.179243
1487625239	34.267948	117.179243
1487625239	34.267948	117.179243
1487625248	34.267948	117.179243
1487625248	34.267948	117.179243
1487625248	34.267948	117.179243
1487625295	34.267933	117.179167
1487625295	34.267933	117.179167
1487625295	34.267933	117.179167
1487625338	34.267933	117.179167
1487625338	34.267933	117.179167
1487625338	34.267933	117.179167
1487625384	34.268028	117.179006
1487625384	34.268028	117.179006
1487625384	34.268028	117.179006
1487625416	34.268028	117.179006
1487625416	34.268028	117.179006
1487625416	34.268028	117.179006
1487625473	34.268028	117.179006
1487625473	34.268028	117.179006
1487625473	34.268028	117.179006
1487625505	34.268028	117.179006
1487625505	34.268028	117.179006
1487625505	34.268028	117.179006
1487625536	34.268028	117.179006
1487625536	34.268028	117.179006
1487625536	34.268028	117.179006
1487625569	34.268028	117.179006
1487625569	34.268028	117.179006
1487625569	34.268028	117.179006
1487625600	34.268028	117.179006
1487625600	34.268028	117.179006
1487625600	34.268028	117.179006
1487625630	34.268028	117.179006
1487625630	34.268028	117.179006
1487625630	34.268028	117.179006
1487625661	34.2679	117.179273
1487625661	34.2679	117.179273
1487625661	34.2679	117.179273
1487625692	34.2679	117.179273
1487625692	34.2679	117.179273
1487625692	34.2679	117.179273
1487625729	34.2679	117.179273
1487625729	34.2679	117.179273
1487625729	34.2679	117.179273
1487625760	34.2679	117.179273
1487625760	34.2679	117.179273
1487625760	34.2679	117.179273
1487625791	34.2679	117.179273
1487625791	34.2679	117.179273
1487625791	34.2679	117.179273
1487625823	34.2679	117.179273
1487625823	34.2679	117.179273
1487625823	34.2679	117.179273
1487625854	34.2679	117.179273
1487625854	34.2679	117.179273
1487625854	34.2679	117.179273
1487625933	34.2679	117.179273
1487625933	34.2679	117.179273
1487625933	34.2679	117.179273
1487625982	34.2679	117.179273
1487625982	34.2679	117.179273
1487625982	34.2679	117.179273
1487626087	34.2679	117.179273
1487626087	34.2679	117.179273
1487626087	34.2679	117.179273
1487626119	34.2679	117.179273
1487626119	34.2679	117.179273
1487626119	34.2679	117.179273
1487626150	34.2679	117.179273
1487626150	34.2679	117.179273
1487626150	34.2679	117.179273
1487627561	34.2679	117.179273
1487627561	34.2679	117.179273
1487627592	34.2679	117.179273
1487627592	34.2679	117.179273
1487627690	34.2679	117.179273
1487627690	34.2679	117.179273
1487627873	34.2679	117.179273
1487627873	34.2679	117.179273
1487628169	34.2679	117.179273
1487628169	34.2679	117.179273
1487628652	34.273728	117.191298
1487628729	34.273749	117.191288
1487628777	34.273749	117.191288
1487628820	34.273707	117.191289
1487628863	34.273707	117.191289
1487628915	34.273707	117.191289
1487628968	34.273707	117.191289
1487629020	34.273707	117.191289
1487629063	34.273707	117.191289
1487629106	34.273707	117.191289
1487629149	34.273707	117.191289
1487629191	34.273706	117.191366
1487629206	34.273706	117.191366
1487629212	34.273706	117.191366
1487629218	34.273706	117.191366
1487629225	34.273706	117.191366
1487629235	34.273706	117.191366
1487629242	34.273706	117.191366
1487629254	34.273706	117.191366
1487629265	34.273706	117.191366
1487629271	34.273706	117.191366
1487629279	34.273706	117.191366
1487629285	34.273706	117.191366
1487629292	34.273706	117.191366
1487629301	34.273706	117.191366
1487629314	34.273706	117.191366
1487629327	34.273706	117.191366
1487629339	34.273706	117.191366
1487629345	34.273706	117.191366
1487629357	34.273706	117.191366
1487629363	34.273706	117.191366
1487629370	34.273706	117.191366
1487629409	34.273706	117.191366
1487629444	34.273706	117.191366
1487629481	34.273706	117.191366
1487629519	34.273706	117.191366
1487629556	34.273706	117.191366
1487629592	34.273706	117.191366
1487629639	34.273706	117.191366
1487629674	34.273706	117.191366
1487629713	34.273672	117.191359
1487629748	34.273672	117.191359
1487629784	34.273679	117.191395
1487629825	34.273679	117.191395
1487629864	34.273679	117.191395
1487629913	34.273679	117.191395
1487629956	34.273679	117.191395
1487629996	34.273679	117.191395
1487630031	34.273679	117.191395
1487630067	34.273679	117.191395
1487630104	34.273679	117.191395
1487630139	34.273679	117.191395
1487630173	34.273679	117.191395
1487630207	34.273781	117.191309
1487630242	34.273781	117.191309
1487630285	34.273781	117.191309
1487630322	34.273781	117.191309
1487630371	34.273781	117.191309
1487630418	34.273781	117.191309
1487630453	34.273781	117.191309
1487630947	34.27374	117.191315
1487630985	34.27374	117.191315
1487631033	34.27374	117.191315
1487631077	34.27374	117.191315
1487631124	34.27374	117.191315
1487631163	34.273674	117.191377
1487631198	34.273674	117.191377
1487631239	34.273674	117.191377
1487631285	34.273674	117.191377
1487631299	34.273674	117.191377
1487631307	34.273674	117.191377
1487631314	34.273674	117.191377
1487631324	34.273674	117.191377
1487631339	34.273674	117.191377
1487631348	34.273674	117.191377
1487631363	34.273674	117.191377
1487631371	34.273674	117.191377
1487631380	34.273674	117.191377
1487631390	34.273674	117.191377
1487631398	34.273674	117.191377
1487631404	34.273674	117.191377
1487631412	34.273674	117.191377
1487631424	34.273674	117.191377
1487631442	34.273674	117.191377
1487631451	34.273674	117.191377
1487631461	34.273674	117.191377
1487631470	34.273674	117.191377
1487631477	34.273674	117.191377
1487631492	34.273674	117.191377
1487631501	34.273674	117.191377
1487631508	34.273674	117.191377
1487631522	34.273674	117.191377
1487631530	34.273674	117.191377
1487631537	34.273674	117.191377
1487631544	34.273674	117.191377
1487631550	34.273674	117.191377
1487631561	34.273674	117.191377
1487631567	34.273674	117.191377
1487631574	34.273674	117.191377
1487631618	34.273674	117.191377
1487631654	34.273674	117.191377
1487631689	34.273674	117.191377
1487631723	34.273674	117.191377
1487631758	34.273674	117.191377
1487631794	34.273674	117.191377
1487631831	34.273674	117.191377
1487631866	34.273674	117.191377
1487631901	34.273674	117.191377
1487631937	34.273674	117.191377
1487631982	34.273674	117.191377
1487632039	34.273674	117.191377
1487632077	34.273674	117.191377
1487632115	34.273674	117.191377
1487632157	34.273674	117.191377
1487632209	34.273674	117.191377
1487632251	34.273674	117.191377
1487632294	34.273674	117.191377
1487632331	34.273674	117.191377
1487632382	34.273674	117.191377
1487632423	34.273674	117.191377
1487634823	34.27372	117.191336
1487634860	34.27372	117.191336
1487634897	34.27372	117.191336
1487634940	34.27372	117.191336
1487634980	34.27372	117.191336
1487635020	34.27372	117.191336
1487635056	34.27372	117.191336
1487635129	34.27372	117.191336
1487635200	34.27372	117.191336
1487635243	34.27372	117.191336
1487635286	34.27372	117.191336
1487635329	34.27372	117.191336
1487635372	34.27372	117.191336
1487635421	34.27372	117.191336
1487635469	34.27372	117.191336
1487635531	34.27372	117.191336
1487635583	34.27372	117.191336
1487635636	34.27372	117.191336
1487635688	34.27372	117.191336
1487635740	34.27372	117.191336
1487635793	34.27372	117.191336
1487635845	34.27372	117.191336
1487635902	34.273683	117.191332
1487635955	34.273683	117.191332
1487636008	34.273683	117.191332
1487636057	34.273683	117.191332
1487636067	34.273683	117.191332
1487636080	34.273683	117.191332
1487636093	34.273673	117.191401
1487636105	34.273673	117.191401
1487636113	34.273673	117.191401
1487636121	34.273673	117.191401
1487636134	34.273673	117.191401
1487636141	34.273673	117.191401
1487636148	34.273673	117.191401
1487636164	34.273673	117.191401
1487636171	34.273673	117.191401
1487636188	34.273673	117.191401
1487636194	34.273673	117.191401
1487636234	34.273673	117.191401
1487636276	34.273673	117.191401
1487636319	34.273673	117.191401
1487636356	34.273673	117.191401
1487636397	34.273673	117.191401
1487636445	34.273673	117.191401
1487636487	34.273673	117.191401
1487636527	34.273673	117.191401
1487636564	34.273673	117.191401
1487636607	34.273673	117.191401
1487636651	34.273673	117.191401
1487636692	34.273673	117.191401
1487636728	34.273673	117.191401
1487636782	34.273673	117.191401
1487636829	34.273673	117.191401
1487636878	34.273673	117.191401
1487637318	34.274011	117.190954
1487637509	34.274011	117.190954
1487637607	34.274482	117.191076
1487637785	34.276723	117.186382
1487638074	34.281726	117.180668
1487638107	34.281726	117.180668
1487638315	34.281726	117.180668
1487638347	34.281432	117.180496
1487638551	34.281432	117.180496
1487638558	34.281432	117.180496
1487638559	34.281432	117.180496
1487638561	34.281432	117.180496
1487638581	34.281432	117.180496
1487638641	34.281432	117.180496
1487638644	34.281348	117.180433
1487638647	34.281348	117.180433
1487638650	34.281348	117.180433
1487638652	34.281348	117.180433
1487638654	34.281348	117.180433
1487638657	34.281348	117.180433
1487638658	34.281348	117.180433
1487638660	34.281348	117.180433
1487638662	34.281348	117.180433
1487638664	34.281348	117.180433
1487638667	34.281348	117.180433
1487638669	34.281348	117.180433
1487638672	34.281348	117.180433
1487638674	34.281348	117.180433
1487638676	34.281348	117.180433
1487638678	34.281348	117.180433
1487638680	34.281348	117.180433
1487638694	34.281348	117.180433
1487638697	34.281348	117.180433
1487638699	34.281348	117.180433
1487638702	34.281348	117.180433
1487638704	34.281348	117.180433
1487638705	34.281348	117.180433
1487638708	34.281348	117.180433
1487638710	34.281348	117.180433
1487639159	34.281348	117.180433
1487639190	34.281414	117.180483
1487639221	34.281414	117.180483
1487639264	34.281414	117.180483
1487639353	34.281414	117.180483
1487639388	34.281414	117.180483
1487639419	34.281414	117.180483
1487639450	34.281414	117.180483
1487639481	34.281414	117.180483
1487639512	34.281414	117.180483
1487639557	34.281414	117.180483
1487639638	34.281414	117.180483
1487639685	34.281414	117.180483
1487639721	34.281351	117.180464
1487639756	34.281351	117.180464
1487639839	34.28141	117.180479
1487639935	34.28141	117.180479
1487639990	34.28141	117.180479
1487640407	34.28141	117.180479
1487640621	34.281429	117.180486
1487640655	34.281429	117.180486
1487640696	34.281429	117.180486
1487640735	34.281429	117.180486
1487640781	34.281429	117.180486
1487640818	34.281429	117.180486
1487641951	34.281378	117.180549
1487642082	34.281378	117.180549
1487642114	34.281378	117.180549
1487642145	34.281378	117.180533
1487642178	34.281378	117.180533
1487642231	34.281378	117.180533
1487642577	34.281378	117.180533
1487642710	34.281364	117.180508
1487642712	34.281364	117.180508
1487642714	34.281364	117.180508
1487642716	34.281364	117.180508
1487642719	34.281364	117.180508
1487642732	34.281364	117.180508
1487642735	34.281364	117.180508
1487642737	34.281364	117.180508
1487642739	34.281364	117.180508
1487642741	34.281364	117.180508
1487642743	34.281364	117.180508
1487642745	34.281364	117.180508
1487642747	34.281364	117.180508
1487642840	34.281364	117.180508
1487642843	34.281364	117.180508
1487642865	34.281364	117.180508
1487642869	34.281364	117.180508
1487642909	34.281364	117.180508
1487642911	34.281364	117.180508
1487642913	34.281364	117.180508
1487642917	34.281364	117.180508
1487642922	34.281364	117.180508
1487643017	34.281364	117.180508
1487643179	34.281364	117.180508
1487643451	34.281364	117.180508
1487643546	34.281364	117.180508
1487643548	34.281364	117.180508
1487643673	34.281364	117.180508
1487643745	34.281364	117.180508
1487643943	34.281364	117.180508
1487643998	34.281364	117.180508
1487645088	34.281364	117.180508
1487645545	34.281364	117.180508
1487645624	34.281364	117.180508
1487645754	34.28136	117.180526
1487645916	34.28136	117.180526
1487645951	34.28136	117.180526
1487646304	34.28136	117.180526
1487646339	34.281433	117.180483
1487646371	34.281433	117.180483
1487646417	34.281433	117.180483
1487646549	34.281433	117.180483
1487646695	34.281405	117.180529
1487647290	34.281405	117.180529
1487647681	34.281405	117.180529
1487647756	34.281405	117.180529
1487647788	34.281388	117.180481
1487647835	34.281388	117.180481
1487648001	34.281388	117.180481
1487648033	34.281416	117.180512
1487648097	34.281416	117.180512
1487648241	34.281193	117.180519
