1487631995	31.847648333333336	121.52435166666667
1487632001	31.84795166666667	121.52292333333335
1487632010	31.848124999999996	121.52207666666666
1487632069	31.848411666666667	121.52069166666666
1487632078	31.850878333333338	121.51100999999998
1487632092	31.85127	121.50951166666667
1487632099	31.85187	121.50724666666669
1487632108	31.852173333333333	121.50610833333333
1487632118	31.852641666666667	121.50438000000001
1487632135	31.853065	121.50283666666668
1487632168	31.853876666666665	121.49982999999999
1487632196	31.855686666666664	121.49429166666665
1487632204	31.857289999999995	121.48943833333333
1487632212	31.857678333333336	121.48826833333332
1487632220	31.85804166666667	121.48718500000001
1487632229	31.858173333333337	121.48675499999999
1487632237	31.858175	121.48673
1487632244	31.858175	121.48673
1487632251	31.858228333333333	121.48651666666667
1487632258	31.858330000000002	121.48601833333332
1487632265	31.858515000000004	121.48519999999999
1487632275	31.858751666666663	121.48408166666668
1487632282	31.859046666666668	121.48231
1487632291	31.859293333333333	121.48091833333335
1487632299	31.859581666666667	121.47958166666668
1487632338	31.860115000000004	121.47672333333334
1487632378	31.861254999999996	121.47136
1487632418	31.862503333333333	121.46510833333332
1487632456	31.863141666666667	121.46214833333333
1487632496	31.863196666666667	121.46202
1487632537	31.86330666666667	121.46141166666666
1487632577	31.863400000000002	121.46088499999999
1487632617	31.863493333333334	121.46045833333334
1487632655	31.863538333333334	121.46000333333335
1487632694	31.863626666666665	121.45953666666668
1487632738	31.863466666666667	121.45902
1487632780	31.863416666666662	121.45849666666666
1487632826	31.863231666666668	121.45819666666667
1487632964	31.86320166666667	121.45815666666667
1487633021	31.863001666666666	121.4582
1487633083	31.86333666666667	121.45813000000001
1487633126	31.863451666666666	121.45807333333332
1487633167	31.86339666666667	121.45817166666666
1487633206	31.863358333333334	121.45810333333333
1487633245	31.863481666666665	121.45810166666666
1487633288	31.86347	121.45814666666665
1487633330	31.86338166666667	121.45812166666668
1487633372	31.863270000000004	121.45811333333334
1487633415	31.863385	121.458195
1487633462	31.863329999999998	121.45811166666665
1487635860	31.863206666666663	121.45822666666666
1487635891	31.86326	121.45823
1487635913	31.86326	121.45823
1487635945	31.863145	121.45811166666665
1487635959	31.863310000000002	121.45828000000002
1487635970	31.863364999999998	121.45830499999998
1487635999	31.863191666666662	121.45831166666667
1487636014	31.863125	121.458355
1487636042	31.863125	121.458355
1487636072	31.863125	121.458355
1487636073	31.863125	121.458355
1487636075	31.863125	121.458355
1487636076	31.863125	121.458355
1487636077	31.863125	121.458355
1487636079	31.863125	121.458355
1487636080	31.863125	121.458355
1487636082	31.863125	121.458355
1487636083	31.863125	121.458355
1487636084	31.863125	121.458355
1487636086	31.863125	121.458355
1487636087	31.863125	121.458355
1487636088	31.863125	121.458355
1487636090	31.863125	121.458355
1487636091	31.863125	121.458355
1487636093	31.863125	121.458355
1487636094	31.863125	121.458355
1487636095	31.863125	121.458355
1487636097	31.863125	121.458355
1487636132	31.863125	121.458355
1487636133	31.863125	121.458355
1487636133	31.863125	121.458355
1487636166	31.863125	121.458355
1487636262	31.863346666666665	121.45816166666667
1487636317	31.863391666666665	121.45815333333333
1487636361	31.863184999999998	121.45819000000002
1487636409	31.863253333333333	121.45804833333335
1487636473	31.863299999999995	121.45806499999999
1487636513	31.863388333333333	121.45797499999999
1487636559	31.863211666666665	121.45797166666668
1487636623	31.863211666666665	121.45797166666668
1487636689	31.86323333333333	121.45798666666666
1487636740	31.86323333333333	121.45798666666666
1487636779	31.86323333333333	121.45798666666666
1487636826	31.86323333333333	121.45798666666666
1487636880	31.86323333333333	121.45798666666666
1487636928	31.863236666666662	121.458015
1487636968	31.86324666666667	121.45802499999999
1487637008	31.863103333333335	121.45797333333333
1487637049	31.863060000000004	121.45802166666665
1487637092	31.86308166666667	121.45796666666665
1487637132	31.86313	121.45796
1487637177	31.863085	121.45796166666666
1487637223	31.86305666666666	121.45784166666665
1487637263	31.86272666666667	121.45799000000001
1487637305	31.862935	121.45798833333335
1487637344	31.863108333333336	121.45802
1487637383	31.863141666666667	121.45801333333333
1487637427	31.863108333333336	121.45814166666666
1487637467	31.863086666666664	121.45806499999999
1487639376	31.863221666666664	121.45812166666668
1487639416	31.863270000000004	121.45812499999998
1487639463	31.863193333333335	121.45782
1487639501	31.863051666666667	121.45787333333334
1487639540	31.86302	121.45800499999999
1487639582	31.86308	121.45793333333334
1487639626	31.863031666666664	121.45802166666665
1487639664	31.863083333333332	121.45805666666665
1487639704	31.863018333333336	121.45803666666667
1487639748	31.863103333333335	121.45799333333335
1487639755	31.863173333333332	121.45798333333332
1487639762	31.86315833333333	121.45799000000001
1487639772	31.86315833333333	121.45799000000001
1487639782	31.86315833333333	121.45799000000001
1487639793	31.86315833333333	121.45799000000001
1487639802	31.86315833333333	121.45799000000001
1487639814	31.86315833333333	121.45799000000001
1487639825	31.86315833333333	121.45799000000001
1487639833	31.86315833333333	121.45799000000001
1487639844	31.86315833333333	121.45799000000001
1487639851	31.863213333333338	121.45798500000001
1487639857	31.863184999999998	121.45801166666666
1487639863	31.86315833333333	121.45802
1487639870	31.863165000000002	121.45806166666668
1487639877	31.863191666666662	121.458105
1487639884	31.863123333333338	121.45813000000001
1487639891	31.863085	121.45816333333332
1487639904	31.863085	121.45816333333332
1487639919	31.863141666666667	121.45812499999998
1487639928	31.863004999999998	121.45812
1487639942	31.863055	121.45812499999998
1487639952	31.86305666666666	121.45811333333334
1487639968	31.863049999999998	121.45811833333333
1487639982	31.86306666666667	121.45812166666668
1487639992	31.86306666666667	121.45812166666668
1487640006	31.863161666666663	121.45811
1487640019	31.863161666666663	121.45811
1487640030	31.863049999999998	121.45812166666668
1487640038	31.863049999999998	121.45812166666668
1487640046	31.863049999999998	121.45812166666668
1487640094	31.8632	121.45809166666668
1487640135	31.863401666666665	121.45805333333334
1487640177	31.863265000000002	121.45803499999998
1487640216	31.863106666666667	121.45810000000002
1487640254	31.863118333333333	121.45817000000001
1487640292	31.863198333333337	121.45811166666665
1487640337	31.863184999999998	121.45807166666667
1487640379	31.863255000000002	121.45805
1487640420	31.863168333333338	121.45811666666665
1487640464	31.86307	121.45813000000001
1487640509	31.863051666666667	121.45813666666666
1487640549	31.863253333333333	121.45816833333335
1487640590	31.86305666666666	121.45815499999999
1487640631	31.863086666666664	121.45811666666665
1487640680	31.863105000000004	121.45814999999999
1487640719	31.863096666666667	121.45812833333333
1487640764	31.86311	121.45813333333332
1487640807	31.86315666666667	121.45816166666667
1487640853	31.86315833333333	121.45823333333334
1487642471	31.86307	121.45822333333332
1487642520	31.863186666666667	121.45814
1487642560	31.863128333333332	121.45817333333335
1487642601	31.863184999999998	121.45817166666666
1487642640	31.863206666666663	121.45816500000001
1487642683	31.863090000000003	121.45822166666667
1487642722	31.86302	121.45812833333333
1487642762	31.863055	121.45824666666667
1487642799	31.863026666666663	121.45824833333333
1487642841	31.863083333333332	121.45823
1487642882	31.863173333333332	121.45827333333334
1487642920	31.86312666666667	121.45825333333332
1487642972	31.863093333333335	121.45821499999998
1487643013	31.862805	121.45814833333334
1487643023	31.862878333333335	121.45811833333333
1487643039	31.862878333333335	121.45811833333333
1487643053	31.86299	121.45810166666666
1487643070	31.862986666666664	121.45810000000002
1487643078	31.862988333333337	121.45812
1487643086	31.862988333333337	121.45812
1487643096	31.862988333333337	121.45812
1487643104	31.862988333333337	121.45812
1487643112	31.862988333333337	121.45812
1487643120	31.862988333333337	121.45812
1487643129	31.862988333333337	121.45812
1487643137	31.862988333333337	121.45812
1487643145	31.862855	121.458
1487643154	31.862923333333335	121.45802833333333
1487643164	31.862923333333335	121.45802833333333
1487643178	31.862923333333335	121.45802833333333
1487643186	31.862973333333336	121.45804166666667
1487643206	31.863006666666667	121.45805333333334
1487643215	31.863038333333332	121.45803499999998
1487643227	31.86299166666667	121.45796
1487643239	31.862815	121.45790333333335
1487643255	31.862878333333335	121.45805666666665
1487643264	31.862911666666665	121.45804000000001
1487643272	31.86294666666667	121.45806166666668
1487643279	31.863015000000004	121.45809
1487643286	31.863033333333338	121.45809166666668
1487643293	31.862993333333332	121.45804000000001
1487643299	31.862996666666664	121.45805333333334
1487643311	31.862996666666664	121.45805333333334
1487643319	31.862996666666664	121.45805333333334
1487643376	31.863228333333335	121.45808000000001
1487643485	31.86308166666667	121.45793666666665
1487643525	31.86315833333333	121.45809333333334
1487643566	31.863191666666662	121.45809666666668
1487643604	31.863193333333335	121.45812666666667
1487643642	31.863263333333332	121.45818333333334
1487643692	31.863191666666662	121.45812833333333
1487643736	31.863256666666665	121.45807166666667
1487643776	31.863178333333334	121.45811499999999
1487643815	31.863086666666664	121.45801666666667
1487643854	31.86305333333333	121.45816
1487643895	31.86311	121.45813666666666
1487643936	31.863133333333334	121.45816
1487643977	31.862998333333334	121.45809
1487644019	31.862998333333334	121.45809
1487644062	31.862931666666668	121.45802499999999
1487646471	31.86281166666667	121.45754666666666
1487646483	31.863240000000005	121.45801333333333
1487646497	31.86319	121.45806166666668
1487646516	31.863221666666664	121.45805666666665
1487646525	31.863215	121.45805833333334
1487646537	31.863198333333337	121.458
1487646548	31.863196666666667	121.45800333333334
1487646561	31.863196666666667	121.45800333333334
1487646570	31.863221666666664	121.45799166666666
1487646578	31.863218333333332	121.45800666666668
1487646586	31.86320166666667	121.45801666666667
1487646595	31.863221666666664	121.45798666666666
1487646603	31.863265000000002	121.45795000000001
1487646610	31.863274999999998	121.45793166666665
1487646618	31.863308333333332	121.45793666666665
1487646626	31.863286666666667	121.45794166666668
1487646645	31.863286666666667	121.45794166666668
1487646664	31.863274999999998	121.45790833333334
1487646693	31.863196666666667	121.457925
1487646707	31.863208333333333	121.458
1487646716	31.863245	121.45799000000001
1487646732	31.863215	121.45798500000001
1487646754	31.863195000000005	121.45797333333333
1487646765	31.86316	121.45794333333333
1487646778	31.863103333333335	121.45795333333332
1487646789	31.86312666666667	121.45805333333334
1487646800	31.863121666666665	121.45804333333332
1487646812	31.863041666666664	121.458
1487646822	31.863043333333334	121.45792000000002
1487646837	31.862965	121.45804833333335
1487646849	31.86302	121.45815166666668
1487646892	31.863146666666662	121.45810666666667
1487646931	31.86306666666667	121.458085
1487646979	31.863273333333336	121.45799666666666
1487647031	31.863283333333335	121.45794333333333
1487647077	31.863180000000003	121.45805
1487647118	31.863186666666667	121.45808333333335
1487647164	31.863105000000004	121.45826833333334
1487647205	31.8632	121.45810000000002
1487647266	31.862970000000004	121.45802499999999
1487647316	31.863155	121.45802166666665
1487647371	31.863155	121.45802166666665
1487647440	31.863058333333335	121.45794166666668
1487647495	31.863083333333332	121.45796166666666
1487647538	31.86314333333333	121.45804500000001
1487647579	31.863193333333335	121.45806666666667
1487647617	31.863061666666667	121.45809499999999
1487647657	31.863060000000004	121.45805333333334
1487647696	31.863060000000004	121.45811
1487647743	31.863146666666662	121.45804166666667
1487647786	31.863153333333337	121.45812
1487647827	31.863073333333332	121.45812166666668
1487647866	31.86305333333333	121.45805833333334
1487647904	31.8631	121.45806166666668
1487647948	31.862891666666663	121.45803499999998
1487647991	31.862951666666664	121.45802
1487648035	31.863013333333335	121.45806499999999
1487648080	31.863043333333334	121.45802666666665
1487648126	31.862985000000002	121.45803666666667
1487648167	31.863060000000004	121.45796166666666
1487650067	31.86306666666667	121.45808666666666
1487650105	31.863223333333334	121.45805833333334
1487650133	31.863220000000002	121.45809499999999
1487650145	31.86301	121.45818
1487650159	31.86302	121.45817833333334
1487650168	31.86301	121.45829833333333
1487650184	31.863016666666667	121.4583
1487650200	31.86320166666667	121.45813500000001
1487650208	31.863049999999998	121.45807833333335
1487650216	31.86306666666667	121.45809833333333
1487650225	31.863060000000004	121.45815333333333
1487650233	31.863016666666667	121.45816166666667
1487650247	31.862824999999997	121.45816
1487650267	31.862416666666665	121.45825166666667
1487650293	31.862205000000003	121.45827833333333
1487650314	31.862458333333333	121.45821499999998
1487650321	31.86288833333333	121.45825333333332
1487650329	31.863125	121.45820333333334
1487650337	31.862945	121.45838
1487650348	31.862988333333337	121.45833333333333
1487650371	31.86299166666667	121.45828666666667
1487650382	31.862878333333335	121.45827666666668
1487650393	31.862869999999997	121.45836499999999
1487650410	31.862818333333333	121.45834
1487650419	31.862898333333337	121.45823666666665
1487650428	31.862951666666664	121.45819166666666
1487650436	31.863004999999998	121.45815166666668
1487650461	31.86301166666666	121.45818166666668
1487650481	31.862911666666665	121.45818499999999
1487650498	31.863181666666666	121.45810833333334
1487650523	31.863238333333335	121.45806333333333
1487650535	31.863018333333336	121.45826333333335
1487650577	31.862838333333336	121.45815499999999
1487650629	31.863108333333336	121.45798333333332
1487650671	31.863205	121.45799666666666
1487650720	31.863208333333333	121.45801666666667
1487650761	31.863096666666667	121.457995
1487650801	31.862925000000004	121.45802499999999
1487650842	31.862846666666663	121.458085
1487650881	31.862824999999997	121.45806833333333
1487650923	31.862763333333337	121.45806833333333
1487650961	31.862806666666664	121.45806666666667
1487651002	31.862575	121.45816
1487651043	31.862715	121.45812666666667
1487651083	31.862788333333334	121.45807666666666
1487651126	31.862788333333334	121.45807666666666
1487651173	31.862788333333334	121.45807666666666
1487651217	31.862788333333334	121.45812499999998
1487651257	31.8628	121.45814
1487651297	31.86274	121.45818
1487651344	31.862689999999997	121.45817166666666
1487651383	31.86267666666667	121.45819333333333
1487651422	31.862833333333334	121.45820166666665
1487651459	31.862824999999997	121.45824833333333
1487651499	31.862791666666666	121.45818333333334
1487651542	31.86284	121.458175
1487651581	31.862836666666666	121.45814333333334
1487651619	31.862675	121.45817333333335
1487651659	31.862593333333333	121.45822666666666
1487651696	31.86245333333333	121.45825833333335
