1487576964	32.041419	118.789239
1487576964	32.041419	118.789239
1487576964	32.041419	118.789239
1487576994	32.041419	118.789239
1487576994	32.041419	118.789239
1487576994	32.041419	118.789239
1487577025	32.041419	118.789239
1487577025	32.041419	118.789239
1487577025	32.041419	118.789239
1487577056	32.041419	118.789239
1487577056	32.041419	118.789239
1487577056	32.041419	118.789239
1487577087	32.041419	118.789239
1487577087	32.041419	118.789239
1487577087	32.041419	118.789239
1487577118	32.041419	118.789239
1487577118	32.041419	118.789239
1487577118	32.041419	118.789239
1487577149	32.041419	118.789239
1487577149	32.041419	118.789239
1487577149	32.041419	118.789239
1487577179	32.041419	118.789239
1487577179	32.041419	118.789239
1487577179	32.041419	118.789239
1487577210	32.041419	118.789239
1487577210	32.041419	118.789239
1487577210	32.041419	118.789239
1487577242	32.041419	118.789239
1487577242	32.041419	118.789239
1487577242	32.041419	118.789239
1487577273	32.041419	118.789239
1487577273	32.041419	118.789239
1487577273	32.041419	118.789239
1487577304	32.041419	118.789239
1487577304	32.041419	118.789239
1487577304	32.041419	118.789239
1487577334	32.041419	118.789239
1487577334	32.041419	118.789239
1487577334	32.041419	118.789239
1487577365	32.041419	118.789239
1487577365	32.041419	118.789239
1487577365	32.041419	118.789239
1487577396	32.041419	118.789239
1487577396	32.041419	118.789239
1487577396	32.041419	118.789239
1487578116	32.041379	118.789193
1487578116	32.041379	118.789193
1487578116	32.041379	118.789193
1487578160	32.041379	118.789193
1487578160	32.041379	118.789193
1487578160	32.041379	118.789193
1487578203	32.041379	118.789193
1487578203	32.041379	118.789193
1487578203	32.041379	118.789193
1487578215	32.041379	118.789193
1487578215	32.041379	118.789193
1487578215	32.041379	118.789193
1487578228	32.041379	118.789193
1487578228	32.041379	118.789193
1487578228	32.041379	118.789193
1487578241	32.041379	118.789193
1487578241	32.041379	118.789193
1487578241	32.041379	118.789193
1487578254	32.041379	118.789193
1487578254	32.041379	118.789193
1487578254	32.041379	118.789193
1487578266	32.041379	118.789193
1487578266	32.041379	118.789193
1487578266	32.041379	118.789193
1487578278	32.041379	118.789193
1487578278	32.041379	118.789193
1487578278	32.041379	118.789193
1487578290	32.041379	118.789193
1487578290	32.041379	118.789193
1487578290	32.041379	118.789193
1487578292	32.041379	118.789193
1487578292	32.041379	118.789193
1487578292	32.041379	118.789193
1487578293	32.041379	118.789193
1487578293	32.041379	118.789193
1487578293	32.041379	118.789193
1487578295	32.041379	118.789193
1487578295	32.041379	118.789193
1487578295	32.041379	118.789193
1487578297	32.041379	118.789193
1487578297	32.041379	118.789193
1487578297	32.041379	118.789193
1487578298	32.041379	118.789193
1487578298	32.041379	118.789193
1487578298	32.041379	118.789193
1487578300	32.041379	118.789193
1487578300	32.041379	118.789193
1487578300	32.041379	118.789193
1487578302	32.041379	118.789193
1487578302	32.041379	118.789193
1487578302	32.041379	118.789193
1487578303	32.041379	118.789193
1487578303	32.041379	118.789193
1487578303	32.041379	118.789193
1487578305	32.041379	118.789193
1487578305	32.041379	118.789193
1487578305	32.041379	118.789193
1487578307	32.041379	118.789193
1487578307	32.041379	118.789193
1487578307	32.041379	118.789193
1487578309	32.041379	118.789193
1487578309	32.041379	118.789193
1487578309	32.041379	118.789193
1487578310	32.041379	118.789193
1487578310	32.041379	118.789193
1487578310	32.041379	118.789193
1487578312	32.041379	118.789193
1487578312	32.041379	118.789193
1487578312	32.041379	118.789193
1487578314	32.041379	118.789193
1487578314	32.041379	118.789193
1487578314	32.041379	118.789193
1487578315	32.041379	118.789193
1487578315	32.041379	118.789193
1487578315	32.041379	118.789193
1487578317	32.041379	118.789193
1487578317	32.041379	118.789193
1487578317	32.041379	118.789193
1487578318	32.041379	118.789193
1487578318	32.041379	118.789193
1487578318	32.041379	118.789193
1487578320	32.041379	118.789193
1487578320	32.041379	118.789193
1487578320	32.041379	118.789193
1487578322	32.041379	118.789193
1487578322	32.041379	118.789193
1487578322	32.041379	118.789193
1487578323	32.041379	118.789193
1487578323	32.041379	118.789193
1487578323	32.041379	118.789193
1487578325	32.041379	118.789193
1487578325	32.041379	118.789193
1487578325	32.041379	118.789193
1487578327	32.041379	118.789193
1487578327	32.041379	118.789193
1487578327	32.041379	118.789193
1487578328	32.041379	118.789193
1487578328	32.041379	118.789193
1487578328	32.041379	118.789193
1487578360	32.041379	118.789193
1487578360	32.041379	118.789193
1487578360	32.041379	118.789193
1487578391	32.041379	118.789193
1487578391	32.041379	118.789193
1487578391	32.041379	118.789193
1487578423	32.041379	118.789193
1487578423	32.041379	118.789193
1487578423	32.041379	118.789193
1487578492	32.041379	118.789193
1487578492	32.041379	118.789193
1487578492	32.041379	118.789193
1487578549	32.041401	118.789255
1487578549	32.041401	118.789255
1487578549	32.041401	118.789255
1487578582	32.041401	118.789255
1487578582	32.041401	118.789255
1487578582	32.041401	118.789255
1487578614	32.041401	118.789255
1487578614	32.041401	118.789255
1487578614	32.041401	118.789255
1487578647	32.041401	118.789255
1487578647	32.041401	118.789255
1487578647	32.041401	118.789255
1487578682	32.041401	118.789255
1487578682	32.041401	118.789255
1487578682	32.041401	118.789255
1487578713	32.041401	118.789255
1487578713	32.041401	118.789255
1487578713	32.041401	118.789255
1487578743	32.041401	118.789255
1487578743	32.041401	118.789255
1487578743	32.041401	118.789255
1487578774	32.041401	118.789255
1487578774	32.041401	118.789255
1487578774	32.041401	118.789255
1487578805	32.041401	118.789255
1487578805	32.041401	118.789255
1487578805	32.041401	118.789255
1487578848	32.041401	118.789255
1487578848	32.041401	118.789255
1487578848	32.041401	118.789255
1487578890	32.041401	118.789255
1487578890	32.041401	118.789255
1487578890	32.041401	118.789255
1487579014	32.041401	118.789255
1487579014	32.041401	118.789255
1487579014	32.041401	118.789255
1487579662	32.041401	118.789255
1487579662	32.041401	118.789255
1487579662	32.041401	118.789255
1487580359	32.041399	118.78925
1487580359	32.041399	118.78925
1487580392	32.041382	118.789193
1487580392	32.041382	118.789193
1487580427	32.041382	118.789193
1487580427	32.041382	118.789193
1487580430	32.041382	118.789193
1487580430	32.041382	118.789193
1487580438	32.041382	118.789193
1487580438	32.041382	118.789193
1487580441	32.041382	118.789193
1487580441	32.041382	118.789193
1487580444	32.041382	118.789193
1487580444	32.041382	118.789193
1487580452	32.041382	118.789193
1487580452	32.041382	118.789193
1487580455	32.041382	118.789193
1487580455	32.041382	118.789193
1487580458	32.041382	118.789193
1487580458	32.041382	118.789193
1487580461	32.041382	118.789193
1487580461	32.041382	118.789193
1487580474	32.041382	118.789193
1487580474	32.041382	118.789193
1487580476	32.041382	118.789193
1487580476	32.041382	118.789193
1487580479	32.041382	118.789193
1487580479	32.041382	118.789193
1487580483	32.041382	118.789193
1487580483	32.041382	118.789193
1487580486	32.041382	118.789193
1487580486	32.041382	118.789193
1487580489	32.041382	118.789193
1487580489	32.041382	118.789193
1487580492	32.041382	118.789193
1487580492	32.041382	118.789193
1487580505	32.041382	118.789193
1487580505	32.041382	118.789193
1487580507	32.041382	118.789193
1487580507	32.041382	118.789193
1487580510	32.041382	118.789193
1487580510	32.041382	118.789193
1487580558	32.041382	118.789193
1487580558	32.041382	118.789193
1487580612	32.041382	118.789193
1487580612	32.041382	118.789193
1487580615	32.041382	118.789193
1487580615	32.041382	118.789193
1487580827	32.041382	118.789193
1487580827	32.041382	118.789193
1487580836	32.041382	118.789193
1487580836	32.041382	118.789193
1487580838	32.041382	118.789193
1487580838	32.041382	118.789193
1487580839	32.041382	118.789193
1487580839	32.041382	118.789193
1487580841	32.041382	118.789193
1487580841	32.041382	118.789193
1487580843	32.041382	118.789193
1487580843	32.041382	118.789193
1487580879	32.041382	118.789193
1487580879	32.041382	118.789193
1487580881	32.041382	118.789193
1487580881	32.041382	118.789193
1487580882	32.041382	118.789193
1487580882	32.041382	118.789193
1487580995	32.041382	118.789193
1487580995	32.041382	118.789193
1487581026	32.041382	118.789193
1487581026	32.041382	118.789193
1487581059	32.041382	118.789193
1487581059	32.041382	118.789193
1487581089	32.041382	118.789193
1487581089	32.041382	118.789193
1487581120	32.041382	118.789193
1487581120	32.041382	118.789193
1487581372	32.041402	118.789265
1487581372	32.041402	118.789265
1487581405	32.041402	118.789265
1487581405	32.041402	118.789265
1487581438	32.041402	118.789265
1487581438	32.041402	118.789265
1487581471	32.041402	118.789265
1487581471	32.041402	118.789265
1487581707	32.041402	118.789265
1487581707	32.041402	118.789265
1487582079	32.041402	118.789265
1487582079	32.041402	118.789265
1487582110	32.041402	118.789265
1487582110	32.041402	118.789265
1487585103	32.041321	118.789175
1487585136	32.041321	118.789175
1487585475	32.041321	118.789175
1487585978	32.041321	118.789175
1487586568	32.041321	118.789175
1487605845	32.055203	118.802492
1487605879	32.047674	118.793228
1487605890	32.047674	118.793228
1487605895	32.047674	118.793228
1487605899	32.047674	118.793228
1487605904	32.047674	118.793228
1487605914	32.047674	118.793228
1487605919	32.047674	118.793228
1487605924	32.047674	118.793228
1487605929	32.047674	118.793228
1487605934	32.077871	118.799925
1487605939	32.077871	118.799925
1487605943	32.077871	118.799925
1487605948	32.077871	118.799925
1487605955	32.077871	118.799925
1487605962	32.077871	118.799925
1487605967	32.077871	118.799925
1487605971	32.077871	118.799925
1487605974	32.077871	118.799925
1487605979	32.077871	118.799925
1487605983	32.077871	118.799925
1487605987	32.077871	118.799925
1487605990	32.077871	118.799925
1487605994	32.077871	118.799925
1487605998	32.077871	118.799925
1487606002	32.077871	118.799925
1487606006	32.077871	118.799925
1487606010	32.077871	118.799925
1487606013	32.079636	118.803971
1487606051	32.079636	118.803971
1487606056	32.079636	118.803971
1487606060	32.079636	118.803971
1487606094	32.07991	118.80485
1487606178	32.084632	118.796004
1487606212	32.087555	118.792252
1487606244	32.087762	118.791998
1487606277	32.087762	118.791998
1487606310	32.087762	118.791998
1487606500	32.087762	118.791998
1487606642	32.087762	118.791998
1487606762	32.087962	118.791809
1487606806	32.087962	118.791809
1487607051	32.087962	118.791809
1487607306	32.087962	118.791809
1487607446	32.087962	118.791809
1487607636	32.088557	118.791229
1487607671	32.088557	118.791229
1487607705	32.088557	118.791229
1487607739	32.088557	118.791229
1487607774	32.088557	118.791229
1487607805	32.088557	118.791229
1487607835	32.088557	118.791229
1487607867	32.088557	118.791229
1487607898	32.088557	118.791229
1487607928	32.088557	118.791229
1487607987	32.088571	118.791269
1487608131	32.088571	118.791269
1487608413	32.088571	118.791269
1487608447	32.088571	118.791269
1487608477	32.088571	118.791269
1487610001	32.16421	119.133596
1487610035	32.16348	119.170482
1487610038	32.16348	119.170482
1487610042	32.16348	119.170482
1487610047	32.163103	119.191873
1487610051	32.163103	119.191873
1487610055	32.163103	119.191873
1487610059	32.163103	119.191873
1487610064	32.163103	119.191873
1487610068	32.163103	119.191873
1487610072	32.163103	119.191873
1487610076	32.163103	119.191873
1487610080	32.162174	119.213
1487610124	32.162174	119.213
1487610131	32.162174	119.213
1487610141	32.162174	119.213
1487610149	32.162174	119.213
1487610233	32.162174	119.213
1487610267	32.162174	119.213
1487610274	32.162174	119.213
1487610287	32.162174	119.213
1487610299	32.162174	119.213
1487610445	32.162174	119.213
1487610506	32.162174	119.213
1487610509	32.162174	119.213
1487610511	32.162174	119.213
1487610512	32.162174	119.213
1487610514	32.162174	119.213
1487610520	32.162174	119.213
1487610525	32.162174	119.213
1487610544	32.162174	119.213
1487610546	32.162174	119.213
1487610691	32.200482	119.427424
1487610723	32.200482	119.427424
1487610756	32.200482	119.427424
1487610796	32.201158	119.427231
1487611047	32.198401	119.428411
1487611206	32.198401	119.428411
1487611242	32.198401	119.428411
1487611401	32.198401	119.428411
1487611436	32.003965	119.589128
1487611470	32.0038	119.589246
1487611502	32.0038	119.589246
1487611536	32.0038	119.589246
1487611570	32.0038	119.589246
1487611679	32.0038	119.589246
1487611800	32.004478	119.589048
1487611863	32.004478	119.589048
1487611905	31.97748	119.611082
1487611938	31.963764	119.634163
1487614414	31.586716	120.302392
1487614447	31.586716	120.302392
1487614483	31.586717	120.302951
1487614602	31.586267	120.305249
1487614671	31.577504	120.31535
1487616411	31.574043	120.32329
1487616443	31.574043	120.32329
1487616474	31.574043	120.32329
1487616476	31.574043	120.32329
1487616478	31.574043	120.32329
1487616481	31.574043	120.32329
1487616483	31.574043	120.32329
1487616485	31.574043	120.32329
1487616487	31.574043	120.32329
1487616490	31.574043	120.32329
1487616493	31.574043	120.32329
1487616495	31.574043	120.32329
1487616498	31.574043	120.32329
1487616500	31.574043	120.32329
1487616502	31.574043	120.32329
1487616505	31.574043	120.32329
1487616507	31.574043	120.32329
1487616509	31.574043	120.32329
1487616512	31.574043	120.32329
1487616514	31.574043	120.32329
1487616516	31.574043	120.32329
1487616519	31.574043	120.32329
1487616521	31.574043	120.32329
1487616523	31.574043	120.32329
1487616526	31.574043	120.32329
1487616528	31.574043	120.32329
1487616530	31.574043	120.32329
1487616533	31.574043	120.32329
1487616535	31.574043	120.32329
1487616537	31.574043	120.32329
1487616540	31.574043	120.32329
1487616542	31.574043	120.32329
1487616545	31.574043	120.32329
1487616576	31.574043	120.32329
1487616608	31.574043	120.32329
1487616640	31.574043	120.32329
1487616671	31.574043	120.32329
1487616703	31.574043	120.32329
1487616735	31.574043	120.32329
1487616767	31.574043	120.32329
1487622214	32.041402	118.789245
1487622214	32.041402	118.789245
1487622214	32.041402	118.789245
1487622249	32.041402	118.789245
1487622249	32.041402	118.789245
1487622249	32.041402	118.789245
1487622252	32.041402	118.789245
1487622252	32.041402	118.789245
1487622252	32.041402	118.789245
1487622255	32.041402	118.789245
1487622255	32.041402	118.789245
1487622255	32.041402	118.789245
1487622259	32.041402	118.789245
1487622259	32.041402	118.789245
1487622259	32.041402	118.789245
1487622263	32.041402	118.789245
1487622263	32.041402	118.789245
1487622263	32.041402	118.789245
1487622268	32.041402	118.789245
1487622268	32.041402	118.789245
1487622268	32.041402	118.789245
1487622271	32.041402	118.789245
1487622271	32.041402	118.789245
1487622271	32.041402	118.789245
1487622274	32.041402	118.789245
1487622274	32.041402	118.789245
1487622274	32.041402	118.789245
1487622277	32.041402	118.789245
1487622277	32.041402	118.789245
1487622277	32.041402	118.789245
1487622280	32.041402	118.789245
1487622280	32.041402	118.789245
1487622280	32.041402	118.789245
1487622284	32.041402	118.789245
1487622284	32.041402	118.789245
1487622284	32.041402	118.789245
1487622287	32.041402	118.789245
1487622287	32.041402	118.789245
1487622287	32.041402	118.789245
1487622290	32.041402	118.789245
1487622290	32.041402	118.789245
1487622290	32.041402	118.789245
1487622293	32.041402	118.789245
1487622293	32.041402	118.789245
1487622293	32.041402	118.789245
1487622296	32.041402	118.789245
1487622296	32.041402	118.789245
1487622296	32.041402	118.789245
1487622299	32.041402	118.789245
1487622299	32.041402	118.789245
1487622299	32.041402	118.789245
1487622303	32.041402	118.789245
1487622303	32.041402	118.789245
1487622303	32.041402	118.789245
1487622306	32.041402	118.789245
1487622306	32.041402	118.789245
1487622306	32.041402	118.789245
1487622309	32.041402	118.789245
1487622309	32.041402	118.789245
1487622309	32.041402	118.789245
1487622312	32.041402	118.789245
1487622312	32.041402	118.789245
1487622312	32.041402	118.789245
1487622316	32.041402	118.789245
1487622316	32.041402	118.789245
1487622316	32.041402	118.789245
1487622319	32.041402	118.789245
1487622319	32.041402	118.789245
1487622319	32.041402	118.789245
1487622322	32.041402	118.789245
1487622322	32.041402	118.789245
1487622322	32.041402	118.789245
1487622325	32.041402	118.789245
1487622325	32.041402	118.789245
1487622325	32.041402	118.789245
1487622328	32.041402	118.789245
1487622328	32.041402	118.789245
1487622328	32.041402	118.789245
1487622331	32.041402	118.789245
1487622331	32.041402	118.789245
1487622331	32.041402	118.789245
1487622334	32.041402	118.789245
1487622334	32.041402	118.789245
1487622334	32.041402	118.789245
1487622337	32.041402	118.789245
1487622337	32.041402	118.789245
1487622337	32.041402	118.789245
1487622341	32.041402	118.789245
1487622341	32.041402	118.789245
1487622341	32.041402	118.789245
1487622344	32.041402	118.789245
1487622344	32.041402	118.789245
1487622344	32.041402	118.789245
1487622348	32.041402	118.789245
1487622348	32.041402	118.789245
1487622348	32.041402	118.789245
1487622382	32.041402	118.789245
1487622382	32.041402	118.789245
1487622382	32.041402	118.789245
1487622418	32.041402	118.789245
1487622418	32.041402	118.789245
1487622418	32.041402	118.789245
1487622452	32.041402	118.789245
1487622452	32.041402	118.789245
1487622452	32.041402	118.789245
1487623978	31.574036	120.323277
1487624010	31.574036	120.323277
1487624041	31.574036	120.323277
1487624073	31.574036	120.323277
1487624104	31.574036	120.323277
1487624136	31.574036	120.323277
1487624167	31.574036	120.323277
1487624200	31.574036	120.323277
1487624232	31.574036	120.323277
1487624235	31.574036	120.323277
1487624238	31.574036	120.323277
1487624240	31.574036	120.323277
1487624243	31.574036	120.323277
1487624246	31.574036	120.323277
1487624249	31.574036	120.323277
1487624252	31.574036	120.323277
1487624255	31.574036	120.323277
1487624258	31.574036	120.323277
1487624260	31.574036	120.323277
1487624264	31.574036	120.323277
1487624267	31.574036	120.323277
1487624269	31.574036	120.323277
1487624273	31.574036	120.323277
1487624276	31.574036	120.323277
1487624281	31.574036	120.323277
1487624284	31.574036	120.323277
1487624287	31.574036	120.323277
1487624290	31.574036	120.323277
1487624294	31.574036	120.323277
1487624296	31.574036	120.323277
1487624298	31.574036	120.323277
1487624301	31.574036	120.323277
1487624303	31.574036	120.323277
1487624307	31.574036	120.323277
1487624309	31.574036	120.323277
1487624312	31.574036	120.323277
1487624314	31.574036	120.323277
1487624316	31.574036	120.323277
1487624319	31.574036	120.323277
1487624351	31.574036	120.323277
1487624382	31.574036	120.323277
1487624414	31.574036	120.323277
1487624448	31.574036	120.323277
1487624479	31.574036	120.323277
1487624511	31.574036	120.323277
1487624543	31.574036	120.323277
1487624575	31.574036	120.323277
1487624606	31.574036	120.323277
1487624638	31.574036	120.323277
1487624669	31.574036	120.323277
1487624701	31.574036	120.323277
1487624732	31.574036	120.323277
1487624763	31.574036	120.323277
1487624795	31.574036	120.323277
1487624826	31.574036	120.323277
1487624858	31.574036	120.323277
1487624889	31.574036	120.323277
1487624920	31.574077	120.323326
1487624952	31.574066	120.323331
1487624963	32.041517	118.789174
1487624963	32.041517	118.789174
1487624963	32.041517	118.789174
1487624983	31.574066	120.323331
1487624997	32.041517	118.789174
1487624997	32.041517	118.789174
1487624997	32.041517	118.789174
1487625036	32.041517	118.789174
1487625036	32.041517	118.789174
1487625036	32.041517	118.789174
1487625069	32.041517	118.789174
1487625069	32.041517	118.789174
1487625069	32.041517	118.789174
1487625102	32.041517	118.789174
1487625102	32.041517	118.789174
1487625102	32.041517	118.789174
1487625134	32.041517	118.789174
1487625134	32.041517	118.789174
1487625134	32.041517	118.789174
1487625166	32.041517	118.789174
1487625166	32.041517	118.789174
1487625166	32.041517	118.789174
1487625200	32.041517	118.789174
1487625200	32.041517	118.789174
1487625200	32.041517	118.789174
1487625232	32.041517	118.789174
1487625232	32.041517	118.789174
1487625232	32.041517	118.789174
1487625265	32.041517	118.789174
1487625265	32.041517	118.789174
1487625265	32.041517	118.789174
1487625268	32.041517	118.789174
1487625268	32.041517	118.789174
1487625268	32.041517	118.789174
1487625271	32.041517	118.789174
1487625271	32.041517	118.789174
1487625271	32.041517	118.789174
1487625274	32.041517	118.789174
1487625274	32.041517	118.789174
1487625274	32.041517	118.789174
1487625278	32.041517	118.789174
1487625278	32.041517	118.789174
1487625278	32.041517	118.789174
1487625281	32.041517	118.789174
1487625281	32.041517	118.789174
1487625281	32.041517	118.789174
1487625285	32.041517	118.789174
1487625285	32.041517	118.789174
1487625285	32.041517	118.789174
1487625287	32.041517	118.789174
1487625287	32.041517	118.789174
1487625287	32.041517	118.789174
1487625290	32.041517	118.789174
1487625290	32.041517	118.789174
1487625290	32.041517	118.789174
1487625293	32.041517	118.789174
1487625293	32.041517	118.789174
1487625293	32.041517	118.789174
1487625297	32.041517	118.789174
1487625297	32.041517	118.789174
1487625297	32.041517	118.789174
1487625300	32.041517	118.789174
1487625300	32.041517	118.789174
1487625300	32.041517	118.789174
1487625303	32.041517	118.789174
1487625303	32.041517	118.789174
1487625303	32.041517	118.789174
1487625306	32.041517	118.789174
1487625306	32.041517	118.789174
1487625306	32.041517	118.789174
1487625308	32.041517	118.789174
1487625308	32.041517	118.789174
1487625308	32.041517	118.789174
1487625312	32.041517	118.789174
1487625312	32.041517	118.789174
1487625312	32.041517	118.789174
1487625317	32.041517	118.789174
1487625317	32.041517	118.789174
1487625317	32.041517	118.789174
1487625320	32.041517	118.789174
1487625320	32.041517	118.789174
1487625320	32.041517	118.789174
1487625325	32.041517	118.789174
1487625325	32.041517	118.789174
1487625325	32.041517	118.789174
1487625329	32.041517	118.789174
1487625329	32.041517	118.789174
1487625329	32.041517	118.789174
1487625333	32.041517	118.789174
1487625333	32.041517	118.789174
1487625333	32.041517	118.789174
1487625336	32.041517	118.789174
1487625336	32.041517	118.789174
1487625336	32.041517	118.789174
1487625341	32.041517	118.789174
1487625341	32.041517	118.789174
1487625341	32.041517	118.789174
1487625343	32.041517	118.789174
1487625343	32.041517	118.789174
1487625343	32.041517	118.789174
1487625346	32.041517	118.789174
1487625346	32.041517	118.789174
1487625346	32.041517	118.789174
1487625350	32.041517	118.789174
1487625350	32.041517	118.789174
1487625350	32.041517	118.789174
1487625353	32.041517	118.789174
1487625353	32.041517	118.789174
1487625353	32.041517	118.789174
1487625357	32.041517	118.789174
1487625357	32.041517	118.789174
1487625357	32.041517	118.789174
1487625359	32.041517	118.789174
1487625359	32.041517	118.789174
1487625359	32.041517	118.789174
1487625363	32.041517	118.789174
1487625363	32.041517	118.789174
1487625363	32.041517	118.789174
1487625367	32.041517	118.789174
1487625367	32.041517	118.789174
1487625367	32.041517	118.789174
1487625398	32.041517	118.789174
1487625398	32.041517	118.789174
1487625398	32.041517	118.789174
1487625432	32.041517	118.789174
1487625432	32.041517	118.789174
1487625432	32.041517	118.789174
1487625465	32.041517	118.789174
1487625465	32.041517	118.789174
1487625465	32.041517	118.789174
1487625496	32.041517	118.789174
1487625496	32.041517	118.789174
1487625496	32.041517	118.789174
1487625530	32.041517	118.789174
1487625530	32.041517	118.789174
1487625530	32.041517	118.789174
1487625560	32.041517	118.789174
1487625560	32.041517	118.789174
1487625560	32.041517	118.789174
1487625592	32.041517	118.789174
1487625592	32.041517	118.789174
1487625592	32.041517	118.789174
1487625623	32.041517	118.789174
1487625623	32.041517	118.789174
1487625623	32.041517	118.789174
1487625654	32.041517	118.789174
1487625654	32.041517	118.789174
1487625654	32.041517	118.789174
1487625686	32.041517	118.789174
1487625686	32.041517	118.789174
1487625686	32.041517	118.789174
1487625722	32.041457	118.789253
1487625722	32.041457	118.789253
1487625722	32.041457	118.789253
1487625754	32.041457	118.789253
1487625754	32.041457	118.789253
1487625754	32.041457	118.789253
1487625786	32.041457	118.789253
1487625786	32.041457	118.789253
1487625786	32.041457	118.789253
1487625821	32.041457	118.789253
1487625821	32.041457	118.789253
1487625821	32.041457	118.789253
1487625854	32.041457	118.789253
1487625854	32.041457	118.789253
1487625854	32.041457	118.789253
1487626771	31.574084	120.323278
1487626802	31.574084	120.323278
1487626834	31.574084	120.323278
1487626866	31.574084	120.323278
1487626897	31.574084	120.323278
1487626932	31.574084	120.323278
1487626964	31.574084	120.323278
1487626996	31.574084	120.323278
1487627027	31.574084	120.323278
1487627059	31.574084	120.323278
1487627091	31.574084	120.323278
1487627121	31.574084	120.323278
1487627152	31.574084	120.323278
1487627170	32.04148	118.789187
1487627170	32.04148	118.789187
1487627170	32.04148	118.789187
1487627174	32.04148	118.789187
1487627174	32.04148	118.789187
1487627174	32.04148	118.789187
1487627177	32.04148	118.789187
1487627177	32.04148	118.789187
1487627177	32.04148	118.789187
1487627179	32.04148	118.789187
1487627179	32.04148	118.789187
1487627179	32.04148	118.789187
1487627183	32.04148	118.789187
1487627183	32.04148	118.789187
1487627183	32.04148	118.789187
1487627183	31.574084	120.323278
1487627186	32.04148	118.789187
1487627186	32.04148	118.789187
1487627186	32.04148	118.789187
1487627190	32.04148	118.789187
1487627190	32.04148	118.789187
1487627190	32.04148	118.789187
1487627193	32.04148	118.789187
1487627193	32.04148	118.789187
1487627193	32.04148	118.789187
1487627197	32.04148	118.789187
1487627197	32.04148	118.789187
1487627197	32.04148	118.789187
1487627200	32.04148	118.789187
1487627200	32.04148	118.789187
1487627200	32.04148	118.789187
1487627203	32.04148	118.789187
1487627203	32.04148	118.789187
1487627203	32.04148	118.789187
1487627206	32.04148	118.789187
1487627206	32.04148	118.789187
1487627206	32.04148	118.789187
1487627209	32.04148	118.789187
1487627209	32.04148	118.789187
1487627209	32.04148	118.789187
1487627213	32.04148	118.789187
1487627213	32.04148	118.789187
1487627213	32.04148	118.789187
1487627213	31.574084	120.323278
1487627217	32.04148	118.789187
1487627217	32.04148	118.789187
1487627217	32.04148	118.789187
1487627219	32.04148	118.789187
1487627219	32.04148	118.789187
1487627219	32.04148	118.789187
1487627223	32.04148	118.789187
1487627223	32.04148	118.789187
1487627223	32.04148	118.789187
1487627226	32.04148	118.789187
1487627226	32.04148	118.789187
1487627226	32.04148	118.789187
1487627229	32.04148	118.789187
1487627229	32.04148	118.789187
1487627229	32.04148	118.789187
1487627232	32.04148	118.789187
1487627232	32.04148	118.789187
1487627232	32.04148	118.789187
1487627238	32.04148	118.789187
1487627238	32.04148	118.789187
1487627238	32.04148	118.789187
1487627241	32.04148	118.789187
1487627241	32.04148	118.789187
1487627241	32.04148	118.789187
1487627244	32.04148	118.789187
1487627244	32.04148	118.789187
1487627244	32.04148	118.789187
1487627244	31.574084	120.323278
1487627247	32.04148	118.789187
1487627247	32.04148	118.789187
1487627247	32.04148	118.789187
1487627250	32.04148	118.789187
1487627250	32.04148	118.789187
1487627250	32.04148	118.789187
1487627254	32.04148	118.789187
1487627254	32.04148	118.789187
1487627254	32.04148	118.789187
1487627257	32.04148	118.789187
1487627257	32.04148	118.789187
1487627257	32.04148	118.789187
1487627261	32.04148	118.789187
1487627261	32.04148	118.789187
1487627261	32.04148	118.789187
1487627271	32.04148	118.789187
1487627271	32.04148	118.789187
1487627271	32.04148	118.789187
1487627275	32.04148	118.789187
1487627275	32.04148	118.789187
1487627275	32.04148	118.789187
1487627275	31.574084	120.323278
1487627278	32.04148	118.789187
1487627278	32.04148	118.789187
1487627278	32.04148	118.789187
1487627305	31.574084	120.323278
1487627312	32.04148	118.789187
1487627312	32.04148	118.789187
1487627312	32.04148	118.789187
1487627342	31.574084	120.323278
1487627345	32.04148	118.789187
1487627345	32.04148	118.789187
1487627345	32.04148	118.789187
1487627380	32.04148	118.789187
1487627380	32.04148	118.789187
1487627380	32.04148	118.789187
1487627413	32.04148	118.789187
1487627413	32.04148	118.789187
1487627413	32.04148	118.789187
1487627445	32.04148	118.789187
1487627445	32.04148	118.789187
1487627445	32.04148	118.789187
1487627477	32.04148	118.789187
1487627477	32.04148	118.789187
1487627477	32.04148	118.789187
1487627495	31.574084	120.323278
1487627508	32.04148	118.789187
1487627508	32.04148	118.789187
1487627508	32.04148	118.789187
1487627548	32.04148	118.789187
1487627548	32.04148	118.789187
1487627548	32.04148	118.789187
1487627559	31.574042	120.323331
1487627591	31.574042	120.323331
1487627595	32.04148	118.789187
1487627595	32.04148	118.789187
1487627595	32.04148	118.789187
1487627627	32.04148	118.789187
1487627627	32.04148	118.789187
1487627627	32.04148	118.789187
1487627659	32.04148	118.789187
1487627659	32.04148	118.789187
1487627659	32.04148	118.789187
1487627692	32.04148	118.789187
1487627692	32.04148	118.789187
1487627692	32.04148	118.789187
1487627725	32.04148	118.789187
1487627725	32.04148	118.789187
1487627725	32.04148	118.789187
1487627749	31.574042	120.323331
1487627755	32.04148	118.789187
1487627755	32.04148	118.789187
1487627755	32.04148	118.789187
1487627786	32.04148	118.789187
1487627786	32.04148	118.789187
1487627786	32.04148	118.789187
1487627805	31.574004	120.323249
1487627808	31.574004	120.323249
1487627810	31.574004	120.323249
1487627813	31.574004	120.323249
1487627815	31.574004	120.323249
1487627817	32.04148	118.789187
1487627817	32.04148	118.789187
1487627817	32.04148	118.789187
1487627817	31.574004	120.323249
1487627820	31.574004	120.323249
1487627822	31.574004	120.323249
1487627825	31.574004	120.323249
1487627827	31.574004	120.323249
1487627830	31.574004	120.323249
1487627847	32.04148	118.789187
1487627847	32.04148	118.789187
1487627847	32.04148	118.789187
1487627878	32.04148	118.789187
1487627878	32.04148	118.789187
1487627878	32.04148	118.789187
1487627899	31.574263	120.32317
1487627902	31.574263	120.32317
1487627906	31.574263	120.32317
1487627909	32.04148	118.789187
1487627909	32.04148	118.789187
1487627909	32.04148	118.789187
1487627910	31.574263	120.32317
1487627940	32.04148	118.789187
1487627940	32.04148	118.789187
1487627940	32.04148	118.789187
1487627982	32.04148	118.789187
1487627982	32.04148	118.789187
1487627982	32.04148	118.789187
1487628015	32.04148	118.789187
1487628015	32.04148	118.789187
1487628015	32.04148	118.789187
1487628048	32.04148	118.789187
1487628048	32.04148	118.789187
1487628048	32.04148	118.789187
1487628072	31.574283	120.322253
1487628076	31.574283	120.322253
1487628079	31.574229	120.322262
1487628080	32.041409	118.789258
1487628080	32.041409	118.789258
1487628080	32.041409	118.789258
1487628097	31.574229	120.322262
1487628112	32.041409	118.789258
1487628112	32.041409	118.789258
1487628112	32.041409	118.789258
1487628114	31.574355	120.32236
1487628117	31.574223	120.322255
1487628144	32.041409	118.789258
1487628144	32.041409	118.789258
1487628144	32.041409	118.789258
1487628176	32.041409	118.789258
1487628176	32.041409	118.789258
1487628176	32.041409	118.789258
1487628286	32.041412	118.789236
1487628286	32.041412	118.789236
1487628286	32.041412	118.789236
1487628320	32.041458	118.78916
1487628320	32.041458	118.78916
1487628320	32.041458	118.78916
1487629189	32.041393	118.789271
1487629189	32.041393	118.789271
1487629189	32.041393	118.789271
1487629222	32.041393	118.789271
1487629222	32.041393	118.789271
1487629222	32.041393	118.789271
1487629254	32.041419	118.789239
1487629254	32.041419	118.789239
1487629254	32.041419	118.789239
1487629286	32.041419	118.789239
1487629286	32.041419	118.789239
1487629286	32.041419	118.789239
1487629320	32.041419	118.789239
1487629320	32.041419	118.789239
1487629320	32.041419	118.789239
1487629354	32.041419	118.789239
1487629354	32.041419	118.789239
1487629354	32.041419	118.789239
1487629356	32.041419	118.789239
1487629356	32.041419	118.789239
1487629356	32.041419	118.789239
1487629357	32.041419	118.789239
1487629357	32.041419	118.789239
1487629357	32.041419	118.789239
1487629359	32.041419	118.789239
1487629359	32.041419	118.789239
1487629359	32.041419	118.789239
1487629360	32.041419	118.789239
1487629360	32.041419	118.789239
1487629360	32.041419	118.789239
1487629362	32.041419	118.789239
1487629362	32.041419	118.789239
1487629362	32.041419	118.789239
1487629363	32.041419	118.789239
1487629363	32.041419	118.789239
1487629363	32.041419	118.789239
1487629365	32.041419	118.789239
1487629365	32.041419	118.789239
1487629365	32.041419	118.789239
1487629367	32.041419	118.789239
1487629367	32.041419	118.789239
1487629367	32.041419	118.789239
1487629368	32.041419	118.789239
1487629368	32.041419	118.789239
1487629368	32.041419	118.789239
1487629370	32.041419	118.789239
1487629370	32.041419	118.789239
1487629370	32.041419	118.789239
1487629372	32.041419	118.789239
1487629372	32.041419	118.789239
1487629372	32.041419	118.789239
1487629373	32.041419	118.789239
1487629373	32.041419	118.789239
1487629373	32.041419	118.789239
1487629375	32.041419	118.789239
1487629375	32.041419	118.789239
1487629375	32.041419	118.789239
1487629377	32.041419	118.789239
1487629377	32.041419	118.789239
1487629377	32.041419	118.789239
1487629379	32.041419	118.789239
1487629379	32.041419	118.789239
1487629379	32.041419	118.789239
1487629380	32.041419	118.789239
1487629380	32.041419	118.789239
1487629380	32.041419	118.789239
1487629382	32.041419	118.789239
1487629382	32.041419	118.789239
1487629382	32.041419	118.789239
1487629383	32.041419	118.789239
1487629383	32.041419	118.789239
1487629383	32.041419	118.789239
1487629385	32.041419	118.789239
1487629385	32.041419	118.789239
1487629385	32.041419	118.789239
1487629386	32.041419	118.789239
1487629386	32.041419	118.789239
1487629386	32.041419	118.789239
1487629388	32.041419	118.789239
1487629388	32.041419	118.789239
1487629388	32.041419	118.789239
1487629389	32.041419	118.789239
1487629389	32.041419	118.789239
1487629389	32.041419	118.789239
1487629391	32.041419	118.789239
1487629391	32.041419	118.789239
1487629391	32.041419	118.789239
1487629393	32.041419	118.789239
1487629393	32.041419	118.789239
1487629393	32.041419	118.789239
1487629394	32.041419	118.789239
1487629394	32.041419	118.789239
1487629394	32.041419	118.789239
1487629396	32.041419	118.789239
1487629396	32.041419	118.789239
1487629396	32.041419	118.789239
1487629398	32.041419	118.789239
1487629398	32.041419	118.789239
1487629398	32.041419	118.789239
1487629399	32.041419	118.789239
1487629399	32.041419	118.789239
1487629399	32.041419	118.789239
1487629401	32.041419	118.789239
1487629401	32.041419	118.789239
1487629401	32.041419	118.789239
1487629402	32.041419	118.789239
1487629402	32.041419	118.789239
1487629402	32.041419	118.789239
1487629434	32.041419	118.789239
1487629434	32.041419	118.789239
1487629434	32.041419	118.789239
1487629471	32.041419	118.789239
1487629471	32.041419	118.789239
1487629471	32.041419	118.789239
1487629505	32.041383	118.789253
1487629505	32.041383	118.789253
1487629505	32.041383	118.789253
1487629537	32.041383	118.789253
1487629537	32.041383	118.789253
1487629537	32.041383	118.789253
1487629570	32.041383	118.789253
1487629570	32.041383	118.789253
1487629570	32.041383	118.789253
1487630072	32.041383	118.789253
1487630072	32.041383	118.789253
1487630072	32.041383	118.789253
1487630184	32.041383	118.789253
1487630184	32.041383	118.789253
1487630184	32.041383	118.789253
1487630217	32.041383	118.789253
1487630217	32.041383	118.789253
1487630217	32.041383	118.789253
1487630249	32.041441	118.789243
1487630249	32.041441	118.789243
1487630249	32.041441	118.789243
1487630282	32.041441	118.789243
1487630282	32.041441	118.789243
1487630282	32.041441	118.789243
1487630316	32.041441	118.789243
1487630316	32.041441	118.789243
1487630316	32.041441	118.789243
1487630347	32.041441	118.789243
1487630347	32.041441	118.789243
1487630347	32.041441	118.789243
1487630384	32.041441	118.789243
1487630384	32.041441	118.789243
1487630384	32.041441	118.789243
1487630414	32.041441	118.789243
1487630414	32.041441	118.789243
1487630414	32.041441	118.789243
1487630445	32.041441	118.789243
1487630445	32.041441	118.789243
1487630445	32.041441	118.789243
1487630476	32.041441	118.789243
1487630476	32.041441	118.789243
1487630476	32.041441	118.789243
1487630508	32.041441	118.789243
1487630508	32.041441	118.789243
1487630508	32.041441	118.789243
1487630712	32.041432	118.789197
1487630712	32.041432	118.789197
1487630712	32.041432	118.789197
1487630744	32.041432	118.789197
1487630744	32.041432	118.789197
1487630744	32.041432	118.789197
1487630777	32.041432	118.789197
1487630777	32.041432	118.789197
1487630777	32.041432	118.789197
1487630810	32.041432	118.789197
1487630810	32.041432	118.789197
1487630810	32.041432	118.789197
1487630987	32.041432	118.789197
1487630987	32.041432	118.789197
1487630987	32.041432	118.789197
1487631020	32.041415	118.789212
1487631020	32.041415	118.789212
1487631020	32.041415	118.789212
1487631053	32.041415	118.789212
1487631053	32.041415	118.789212
1487631053	32.041415	118.789212
1487631456	32.041384	118.789193
1487631456	32.041384	118.789193
1487631456	32.041384	118.789193
1487631489	32.041384	118.789193
1487631489	32.041384	118.789193
1487631489	32.041384	118.789193
1487631523	32.041384	118.789193
1487631523	32.041384	118.789193
1487631523	32.041384	118.789193
1487631683	32.041384	118.789193
1487631683	32.041384	118.789193
1487631683	32.041384	118.789193
1487631716	32.041384	118.789193
1487631716	32.041384	118.789193
1487631716	32.041384	118.789193
1487631750	32.041384	118.789193
1487631750	32.041384	118.789193
1487631750	32.041384	118.789193
1487631753	32.041384	118.789193
1487631753	32.041384	118.789193
1487631753	32.041384	118.789193
1487631755	32.041384	118.789193
1487631755	32.041384	118.789193
1487631755	32.041384	118.789193
1487631758	32.041384	118.789193
1487631758	32.041384	118.789193
1487631758	32.041384	118.789193
1487631762	32.041384	118.789193
1487631762	32.041384	118.789193
1487631762	32.041384	118.789193
1487631764	32.041384	118.789193
1487631764	32.041384	118.789193
1487631764	32.041384	118.789193
1487631768	32.041384	118.789193
1487631768	32.041384	118.789193
1487631768	32.041384	118.789193
1487631776	32.041384	118.789193
1487631776	32.041384	118.789193
1487631776	32.041384	118.789193
1487631778	32.041384	118.789193
1487631778	32.041384	118.789193
1487631778	32.041384	118.789193
1487631783	32.041384	118.789193
1487631783	32.041384	118.789193
1487631783	32.041384	118.789193
1487631785	32.041384	118.789193
1487631785	32.041384	118.789193
1487631785	32.041384	118.789193
1487631788	32.041384	118.789193
1487631788	32.041384	118.789193
1487631788	32.041384	118.789193
1487631792	32.041384	118.789193
1487631792	32.041384	118.789193
1487631792	32.041384	118.789193
1487631794	32.041384	118.789193
1487631794	32.041384	118.789193
1487631794	32.041384	118.789193
1487631811	32.041384	118.789193
1487631811	32.041384	118.789193
1487631811	32.041384	118.789193
1487631813	32.041384	118.789193
1487631813	32.041384	118.789193
1487631813	32.041384	118.789193
1487631817	32.041384	118.789193
1487631817	32.041384	118.789193
1487631817	32.041384	118.789193
1487631820	32.041384	118.789193
1487631820	32.041384	118.789193
1487631820	32.041384	118.789193
1487631867	32.041384	118.789193
1487631867	32.041384	118.789193
1487631867	32.041384	118.789193
1487631870	32.041384	118.789193
1487631870	32.041384	118.789193
1487631870	32.041384	118.789193
1487631874	32.041384	118.789193
1487631874	32.041384	118.789193
1487631874	32.041384	118.789193
1487631877	32.041384	118.789193
1487631877	32.041384	118.789193
1487631877	32.041384	118.789193
1487631879	32.041384	118.789193
1487631879	32.041384	118.789193
1487631879	32.041384	118.789193
1487631883	32.041384	118.789193
1487631883	32.041384	118.789193
1487631883	32.041384	118.789193
1487631896	32.041384	118.789193
1487631896	32.041384	118.789193
1487631896	32.041384	118.789193
1487631899	32.041384	118.789193
1487631899	32.041384	118.789193
1487631899	32.041384	118.789193
1487631901	32.041384	118.789193
1487631901	32.041384	118.789193
1487631901	32.041384	118.789193
1487631904	32.041384	118.789193
1487631904	32.041384	118.789193
1487631904	32.041384	118.789193
1487631908	32.041384	118.789193
1487631908	32.041384	118.789193
1487631908	32.041384	118.789193
1487631953	32.041384	118.789193
1487631953	32.041384	118.789193
1487631953	32.041384	118.789193
1487631990	32.041384	118.789193
1487631990	32.041384	118.789193
1487631990	32.041384	118.789193
1487632024	32.041384	118.789193
1487632024	32.041384	118.789193
1487632024	32.041384	118.789193
1487632058	32.041384	118.789193
1487632058	32.041384	118.789193
1487632058	32.041384	118.789193
1487632092	32.041384	118.789193
1487632092	32.041384	118.789193
1487632092	32.041384	118.789193
1487632127	32.041432	118.789197
1487632127	32.041432	118.789197
1487632127	32.041432	118.789197
1487632160	32.041432	118.789197
1487632160	32.041432	118.789197
1487632160	32.041432	118.789197
1487632197	32.041432	118.789197
1487632197	32.041432	118.789197
1487632197	32.041432	118.789197
1487632387	32.041432	118.789197
1487632387	32.041432	118.789197
1487632387	32.041432	118.789197
1487632420	32.041447	118.789201
1487632420	32.041447	118.789201
1487632420	32.041447	118.789201
1487632457	32.041447	118.789201
1487632457	32.041447	118.789201
1487632457	32.041447	118.789201
1487632575	32.041415	118.789213
1487632575	32.041415	118.789213
1487632575	32.041415	118.789213
1487632615	32.041415	118.789213
1487632615	32.041415	118.789213
1487632615	32.041415	118.789213
1487632647	32.041415	118.789213
1487632647	32.041415	118.789213
1487632647	32.041415	118.789213
1487632680	32.041415	118.789213
1487632680	32.041415	118.789213
1487632680	32.041415	118.789213
1487632712	32.041415	118.789213
1487632712	32.041415	118.789213
1487632712	32.041415	118.789213
1487632743	32.041415	118.789213
1487632743	32.041415	118.789213
1487632743	32.041415	118.789213
1487632774	32.041415	118.789213
1487632774	32.041415	118.789213
1487632774	32.041415	118.789213
1487632805	32.041415	118.789213
1487632805	32.041415	118.789213
1487632805	32.041415	118.789213
1487632838	32.041415	118.789213
1487632838	32.041415	118.789213
1487632838	32.041415	118.789213
1487632877	32.041301	118.789212
1487632877	32.041301	118.789212
1487632877	32.041301	118.789212
1487632911	32.041366	118.789178
1487632911	32.041366	118.789178
1487632911	32.041366	118.789178
1487632967	32.041366	118.789178
1487632967	32.041366	118.789178
1487632967	32.041366	118.789178
1487633000	32.041366	118.789178
1487633000	32.041366	118.789178
1487633000	32.041366	118.789178
1487633031	32.041291	118.789213
1487633031	32.041291	118.789213
1487633031	32.041291	118.789213
1487633065	32.041291	118.789213
1487633065	32.041291	118.789213
1487633065	32.041291	118.789213
1487633900	32.041291	118.789213
1487633900	32.041291	118.789213
1487633900	32.041291	118.789213
1487633946	32.041291	118.789213
1487633946	32.041291	118.789213
1487633946	32.041291	118.789213
1487633979	32.041291	118.789213
1487633979	32.041291	118.789213
1487633979	32.041291	118.789213
1487634193	32.041291	118.789213
1487634193	32.041291	118.789213
1487634193	32.041291	118.789213
1487634406	32.041291	118.789213
1487634406	32.041291	118.789213
1487634406	32.041291	118.789213
1487634478	32.041291	118.789213
1487634478	32.041291	118.789213
1487634478	32.041291	118.789213
1487634481	32.041291	118.789213
1487634481	32.041291	118.789213
1487634481	32.041291	118.789213
1487634484	32.041291	118.789213
1487634484	32.041291	118.789213
1487634484	32.041291	118.789213
1487634487	32.041291	118.789213
1487634487	32.041291	118.789213
1487634487	32.041291	118.789213
1487634490	32.041291	118.789213
1487634490	32.041291	118.789213
1487634490	32.041291	118.789213
1487634493	32.041291	118.789213
1487634493	32.041291	118.789213
1487634493	32.041291	118.789213
1487634496	32.041291	118.789213
1487634496	32.041291	118.789213
1487634496	32.041291	118.789213
1487634499	32.041291	118.789213
1487634499	32.041291	118.789213
1487634499	32.041291	118.789213
1487634502	32.041291	118.789213
1487634502	32.041291	118.789213
1487634502	32.041291	118.789213
1487634505	32.041291	118.789213
1487634505	32.041291	118.789213
1487634505	32.041291	118.789213
1487634511	32.041291	118.789213
1487634511	32.041291	118.789213
1487634511	32.041291	118.789213
1487634514	32.041291	118.789213
1487634514	32.041291	118.789213
1487634514	32.041291	118.789213
1487634517	32.041291	118.789213
1487634517	32.041291	118.789213
1487634517	32.041291	118.789213
1487634520	32.041291	118.789213
1487634520	32.041291	118.789213
1487634520	32.041291	118.789213
1487634529	32.041291	118.789213
1487634529	32.041291	118.789213
1487634529	32.041291	118.789213
1487634532	32.041291	118.789213
1487634532	32.041291	118.789213
1487634532	32.041291	118.789213
1487634535	32.041291	118.789213
1487634535	32.041291	118.789213
1487634535	32.041291	118.789213
1487634567	32.041291	118.789213
1487634567	32.041291	118.789213
1487634567	32.041291	118.789213
1487634570	32.041291	118.789213
1487634570	32.041291	118.789213
1487634570	32.041291	118.789213
1487634583	32.041291	118.789213
1487634583	32.041291	118.789213
1487634583	32.041291	118.789213
1487634586	32.041291	118.789213
1487634586	32.041291	118.789213
1487634586	32.041291	118.789213
1487634589	32.041291	118.789213
1487634589	32.041291	118.789213
1487634589	32.041291	118.789213
1487634592	32.041291	118.789213
1487634592	32.041291	118.789213
1487634592	32.041291	118.789213
1487634596	32.041291	118.789213
1487634596	32.041291	118.789213
1487634596	32.041291	118.789213
1487634627	32.041291	118.789213
1487634627	32.041291	118.789213
1487634627	32.041291	118.789213
1487634690	32.041291	118.789213
1487634690	32.041291	118.789213
1487634690	32.041291	118.789213
1487634706	32.041291	118.789213
1487634706	32.041291	118.789213
1487634706	32.041291	118.789213
1487634708	32.041291	118.789213
1487634708	32.041291	118.789213
1487634708	32.041291	118.789213
1487634709	32.041291	118.789213
1487634709	32.041291	118.789213
1487634709	32.041291	118.789213
1487634711	32.041291	118.789213
1487634711	32.041291	118.789213
1487634711	32.041291	118.789213
1487634712	32.041291	118.789213
1487634712	32.041291	118.789213
1487634712	32.041291	118.789213
1487634811	32.041291	118.789213
1487634811	32.041291	118.789213
1487634811	32.041291	118.789213
1487634842	32.041291	118.789213
1487634842	32.041291	118.789213
1487634842	32.041291	118.789213
1487634888	31.550356	120.35221
1487634897	32.041291	118.789213
1487634897	32.041291	118.789213
1487634897	32.041291	118.789213
1487634919	31.550451	120.352228
1487634932	32.041291	118.789213
1487634932	32.041291	118.789213
1487634932	32.041291	118.789213
1487634966	32.041291	118.789213
1487634966	32.041291	118.789213
1487634966	32.041291	118.789213
1487635012	31.550451	120.352228
1487635107	31.550451	120.352228
1487635119	32.041291	118.789213
1487635119	32.041291	118.789213
1487635119	32.041291	118.789213
1487635170	32.041291	118.789213
1487635170	32.041291	118.789213
1487635170	32.041291	118.789213
1487635212	31.550451	120.352228
1487635321	31.550451	120.352228
1487635352	31.550451	120.352228
1487635354	31.550451	120.352228
1487635356	31.550451	120.352228
1487635357	31.550451	120.352228
1487635359	31.550451	120.352228
1487635362	31.550451	120.352228
1487635363	31.550451	120.352228
1487635365	31.550451	120.352228
1487635367	31.550451	120.352228
1487635369	31.550451	120.352228
1487635370	31.550451	120.352228
1487635372	31.550451	120.352228
1487635374	31.550451	120.352228
1487635376	31.550451	120.352228
1487635378	31.550451	120.352228
1487635380	31.550451	120.352228
1487635382	31.550451	120.352228
1487635383	31.550451	120.352228
1487635385	31.550451	120.352228
1487635387	31.550451	120.352228
1487635397	31.550451	120.352228
1487635451	31.550451	120.352228
1487635453	31.550451	120.352228
1487635455	31.550451	120.352228
1487635456	31.550451	120.352228
1487635458	31.550451	120.352228
1487635460	32.041291	118.789213
1487635460	32.041291	118.789213
1487635460	32.041291	118.789213
1487635460	31.550451	120.352228
1487635462	31.550451	120.352228
1487635464	31.550451	120.352228
1487635465	31.550451	120.352228
1487635467	31.550451	120.352228
1487635570	32.041291	118.789213
1487635570	32.041291	118.789213
1487635570	32.041291	118.789213
1487635589	31.550451	120.352228
1487635605	32.041291	118.789213
1487635605	32.041291	118.789213
1487635605	32.041291	118.789213
1487635637	32.041291	118.789213
1487635637	32.041291	118.789213
1487635637	32.041291	118.789213
1487635655	31.550451	120.352228
1487635669	32.041291	118.789213
1487635669	32.041291	118.789213
1487635669	32.041291	118.789213
1487635702	32.041291	118.789213
1487635702	32.041291	118.789213
1487635702	32.041291	118.789213
1487635732	32.041291	118.789213
1487635732	32.041291	118.789213
1487635732	32.041291	118.789213
1487635764	32.041291	118.789213
1487635764	32.041291	118.789213
1487635764	32.041291	118.789213
1487635794	32.041291	118.789213
1487635794	32.041291	118.789213
1487635794	32.041291	118.789213
1487635825	32.041291	118.789213
1487635825	32.041291	118.789213
1487635825	32.041291	118.789213
1487635856	32.041291	118.789213
1487635856	32.041291	118.789213
1487635856	32.041291	118.789213
1487635886	32.041291	118.789213
1487635886	32.041291	118.789213
1487635886	32.041291	118.789213
1487635918	32.041291	118.789213
1487635918	32.041291	118.789213
1487635918	32.041291	118.789213
1487635953	32.041291	118.789213
1487635953	32.041291	118.789213
1487635953	32.041291	118.789213
1487635986	32.041291	118.789213
1487635986	32.041291	118.789213
1487635986	32.041291	118.789213
1487636013	31.550451	120.352228
1487636018	32.041291	118.789213
1487636018	32.041291	118.789213
1487636018	32.041291	118.789213
1487636151	32.041291	118.789213
1487636151	32.041291	118.789213
1487636151	32.041291	118.789213
1487636388	31.550451	120.352228
1487636419	31.550451	120.352228
1487636450	31.550451	120.352228
1487636480	31.550451	120.352228
1487636511	31.550451	120.352228
1487636543	31.550451	120.352228
1487636582	31.550451	120.352228
1487636852	31.550451	120.352228
1487636892	31.550451	120.352228
1487636922	31.550451	120.352228
1487636954	31.550451	120.352228
1487636985	31.550451	120.352228
1487637016	31.550451	120.352228
1487637047	31.550451	120.352228
1487637078	31.550451	120.352228
1487637109	31.550451	120.352228
1487637140	31.550451	120.352228
1487637242	31.550451	120.352228
1487637477	31.550451	120.352228
1487637522	31.550451	120.352228
1487638157	32.041384	118.789235
1487638157	32.041384	118.789235
1487638157	32.041384	118.789235
1487638192	32.041384	118.789235
1487638192	32.041384	118.789235
1487638192	32.041384	118.789235
1487638224	32.041384	118.789235
1487638224	32.041384	118.789235
1487638224	32.041384	118.789235
1487638227	32.041384	118.789235
1487638227	32.041384	118.789235
1487638227	32.041384	118.789235
1487638232	32.041384	118.789235
1487638232	32.041384	118.789235
1487638232	32.041384	118.789235
1487638235	32.041384	118.789235
1487638235	32.041384	118.789235
1487638235	32.041384	118.789235
1487638238	32.041384	118.789235
1487638238	32.041384	118.789235
1487638238	32.041384	118.789235
1487638241	32.041384	118.789235
1487638241	32.041384	118.789235
1487638241	32.041384	118.789235
1487638244	32.041384	118.789235
1487638244	32.041384	118.789235
1487638244	32.041384	118.789235
1487638247	32.041384	118.789235
1487638247	32.041384	118.789235
1487638247	32.041384	118.789235
1487638250	32.041384	118.789235
1487638250	32.041384	118.789235
1487638250	32.041384	118.789235
1487638253	32.041384	118.789235
1487638253	32.041384	118.789235
1487638253	32.041384	118.789235
1487638256	32.041384	118.789235
1487638256	32.041384	118.789235
1487638256	32.041384	118.789235
1487638260	32.041384	118.789235
1487638260	32.041384	118.789235
1487638260	32.041384	118.789235
1487638263	32.041384	118.789235
1487638263	32.041384	118.789235
1487638263	32.041384	118.789235
1487638266	32.041384	118.789235
1487638266	32.041384	118.789235
1487638266	32.041384	118.789235
1487638271	32.041384	118.789235
1487638271	32.041384	118.789235
1487638271	32.041384	118.789235
1487638275	32.041384	118.789235
1487638275	32.041384	118.789235
1487638275	32.041384	118.789235
1487638278	32.041384	118.789235
1487638278	32.041384	118.789235
1487638278	32.041384	118.789235
1487638282	32.041384	118.789235
1487638282	32.041384	118.789235
1487638282	32.041384	118.789235
1487638285	32.041384	118.789235
1487638285	32.041384	118.789235
1487638285	32.041384	118.789235
1487638288	32.041384	118.789235
1487638288	32.041384	118.789235
1487638288	32.041384	118.789235
1487638291	32.041384	118.789235
1487638291	32.041384	118.789235
1487638291	32.041384	118.789235
1487638294	32.041384	118.789235
1487638294	32.041384	118.789235
1487638294	32.041384	118.789235
1487638298	32.041384	118.789235
1487638298	32.041384	118.789235
1487638298	32.041384	118.789235
1487638302	32.041384	118.789235
1487638302	32.041384	118.789235
1487638302	32.041384	118.789235
1487638305	32.041384	118.789235
1487638305	32.041384	118.789235
1487638305	32.041384	118.789235
1487638308	32.041384	118.789235
1487638308	32.041384	118.789235
1487638308	32.041384	118.789235
1487638311	32.041384	118.789235
1487638311	32.041384	118.789235
1487638311	32.041384	118.789235
1487638314	32.041384	118.789235
1487638314	32.041384	118.789235
1487638314	32.041384	118.789235
1487638317	32.041384	118.789235
1487638317	32.041384	118.789235
1487638317	32.041384	118.789235
1487638320	32.041384	118.789235
1487638320	32.041384	118.789235
1487638320	32.041384	118.789235
1487638323	32.041384	118.789235
1487638323	32.041384	118.789235
1487638323	32.041384	118.789235
1487638381	32.041384	118.789235
1487638381	32.041384	118.789235
1487638381	32.041384	118.789235
1487638424	32.041384	118.789235
1487638424	32.041384	118.789235
1487638424	32.041384	118.789235
1487638484	32.041384	118.789235
1487638484	32.041384	118.789235
1487638484	32.041384	118.789235
1487638561	32.041384	118.789235
1487638561	32.041384	118.789235
1487638561	32.041384	118.789235
1487638610	32.041384	118.789235
1487638610	32.041384	118.789235
1487638610	32.041384	118.789235
1487638643	32.041384	118.789235
1487638643	32.041384	118.789235
1487638643	32.041384	118.789235
1487638676	32.041384	118.789235
1487638676	32.041384	118.789235
1487638676	32.041384	118.789235
1487638709	32.041384	118.789235
1487638709	32.041384	118.789235
1487638709	32.041384	118.789235
1487638741	32.041384	118.789235
1487638741	32.041384	118.789235
1487638741	32.041384	118.789235
1487638791	31.550444	120.352229
1487638793	31.550444	120.352229
1487638795	31.550444	120.352229
1487638797	31.550444	120.352229
1487638799	31.550444	120.352229
1487638802	31.550444	120.352229
1487638805	31.550444	120.352229
1487638808	31.550444	120.352229
1487638810	31.550444	120.352229
1487638811	31.550444	120.352229
1487638813	31.550444	120.352229
1487638815	31.550444	120.352229
1487638817	31.550444	120.352229
1487638820	31.550444	120.352229
1487638822	31.550444	120.352229
1487638824	31.550444	120.352229
1487638825	31.550444	120.352229
1487638827	31.550444	120.352229
1487638829	31.550444	120.352229
1487638832	31.550444	120.352229
1487638834	31.550444	120.352229
1487638836	31.550444	120.352229
1487638838	31.550444	120.352229
1487638840	31.550444	120.352229
1487638842	31.550444	120.352229
1487638844	31.550444	120.352229
1487638847	31.550444	120.352229
1487638849	31.550444	120.352229
1487638851	31.550444	120.352229
1487638853	31.550444	120.352229
1487638893	32.041384	118.789235
1487638893	32.041384	118.789235
1487638893	32.041384	118.789235
1487638965	32.041384	118.789235
1487638965	32.041384	118.789235
1487638965	32.041384	118.789235
1487638999	32.041384	118.789235
1487638999	32.041384	118.789235
1487638999	32.041384	118.789235
1487639033	32.041384	118.789235
1487639033	32.041384	118.789235
1487639033	32.041384	118.789235
1487639116	32.041384	118.789235
1487639116	32.041384	118.789235
1487639116	32.041384	118.789235
1487639299	32.041384	118.789235
1487639299	32.041384	118.789235
1487639299	32.041384	118.789235
1487639333	32.041405	118.789286
1487639333	32.041405	118.789286
1487639333	32.041405	118.789286
1487639366	32.041405	118.789286
1487639366	32.041405	118.789286
1487639366	32.041405	118.789286
1487639399	32.041405	118.789286
1487639399	32.041405	118.789286
1487639399	32.041405	118.789286
1487639431	32.041405	118.789286
1487639431	32.041405	118.789286
1487639431	32.041405	118.789286
1487639463	32.041405	118.789286
1487639463	32.041405	118.789286
1487639463	32.041405	118.789286
1487639496	32.041405	118.789286
1487639496	32.041405	118.789286
1487639496	32.041405	118.789286
1487639527	32.041405	118.789286
1487639527	32.041405	118.789286
1487639527	32.041405	118.789286
1487639562	32.041405	118.789286
1487639562	32.041405	118.789286
1487639562	32.041405	118.789286
1487639605	32.041405	118.789286
1487639605	32.041405	118.789286
1487639605	32.041405	118.789286
1487639652	32.041462	118.789163
1487639652	32.041462	118.789163
1487639652	32.041462	118.789163
1487639685	32.041462	118.789163
1487639685	32.041462	118.789163
1487639685	32.041462	118.789163
1487639729	32.041462	118.789163
1487639729	32.041462	118.789163
1487639729	32.041462	118.789163
1487641080	31.550444	120.352229
1487641112	31.550444	120.352229
1487641113	31.550444	120.352229
1487641115	31.550444	120.352229
1487641117	31.550444	120.352229
1487641119	31.550444	120.352229
1487641121	31.550444	120.352229
1487641123	31.550444	120.352229
1487641125	31.550444	120.352229
1487641126	31.550444	120.352229
1487641128	31.550444	120.352229
1487641130	31.550444	120.352229
1487641132	31.550444	120.352229
1487641133	31.550444	120.352229
1487641135	31.550444	120.352229
1487641137	31.550444	120.352229
1487641139	31.550444	120.352229
1487641141	31.550444	120.352229
1487641143	31.550444	120.352229
1487641149	31.550444	120.352229
1487641151	31.550444	120.352229
1487641165	31.550444	120.352229
1487641167	31.550444	120.352229
1487641169	31.550444	120.352229
1487641189	31.550444	120.352229
1487641234	31.550444	120.352229
1487641275	31.550444	120.352229
1487641278	31.550444	120.352229
1487641279	31.550444	120.352229
1487641313	31.550444	120.352229
1487641315	31.550444	120.352229
1487641317	31.550444	120.352229
1487641633	31.550444	120.352229
1487641729	31.550444	120.352229
1487641759	31.550444	120.352229
1487641963	31.550444	120.352229
1487641994	31.550444	120.352229
1487642026	31.550444	120.352229
1487642057	31.550444	120.352229
1487642088	31.550444	120.352229
1487642119	31.550444	120.352229
1487642150	31.550444	120.352229
1487642180	31.550444	120.352229
1487642211	31.550444	120.352229
1487642243	31.550444	120.352229
1487642478	31.550444	120.352229
1487642509	31.550444	120.352229
1487642541	31.550444	120.352229
1487642572	31.550444	120.352229
1487642603	31.550444	120.352229
1487642652	31.550444	120.352229
1487642875	31.550444	120.352229
1487642973	31.550444	120.352229
1487643004	31.550444	120.352229
1487643065	31.550444	120.352229
1487643096	31.550444	120.352229
1487643157	31.550444	120.352229
1487643187	31.550444	120.352229
1487643462	32.041407	118.78927
1487643462	32.041407	118.78927
1487643462	32.041407	118.78927
1487643596	32.041407	118.78927
1487643596	32.041407	118.78927
1487643596	32.041407	118.78927
1487643632	32.041407	118.78927
1487643632	32.041407	118.78927
1487643632	32.041407	118.78927
1487643666	32.041439	118.789202
1487643666	32.041439	118.789202
1487643666	32.041439	118.789202
1487643700	32.041439	118.789202
1487643700	32.041439	118.789202
1487643700	32.041439	118.789202
1487643729	31.550444	120.352229
1487643848	31.550444	120.352229
1487645840	31.549371	120.351612
1487645875	31.549373	120.351626
1487645879	31.549373	120.351626
1487645882	31.549373	120.351626
1487645884	31.549373	120.351626
1487645890	31.549373	120.351626
1487645893	31.549373	120.351626
1487645896	31.549373	120.351626
1487645914	31.549373	120.351626
1487645922	31.549373	120.351626
1487645925	31.549373	120.351626
1487645928	31.549373	120.351626
1487645931	31.549373	120.351626
1487645935	31.549373	120.351626
1487645939	31.549373	120.351626
1487645943	31.549373	120.351626
1487646115	31.549373	120.351626
1487646161	31.549373	120.351626
1487646196	31.549373	120.351626
1487646203	31.549373	120.351626
1487646206	31.549373	120.351626
1487646209	31.549362	120.351647
1487646212	31.549362	120.351647
1487646215	31.549362	120.351647
1487646218	31.549362	120.351647
1487646221	31.549362	120.351647
1487646224	31.549362	120.351647
1487646227	31.549362	120.351647
1487646230	31.549362	120.351647
1487646231	32.041427	118.789148
1487646231	32.041427	118.789148
1487646231	32.041427	118.789148
1487646233	31.549362	120.351647
1487646234	32.041427	118.789148
1487646234	32.041427	118.789148
1487646234	32.041427	118.789148
1487646237	32.041427	118.789148
1487646237	32.041427	118.789148
1487646237	32.041427	118.789148
1487646237	31.549362	120.351647
1487646239	32.041427	118.789148
1487646239	32.041427	118.789148
1487646239	32.041427	118.789148
1487646240	31.549362	120.351647
1487646248	32.041427	118.789148
1487646248	32.041427	118.789148
1487646248	32.041427	118.789148
1487646275	31.549373	120.351625
1487646311	32.041427	118.789148
1487646311	32.041427	118.789148
1487646311	32.041427	118.789148
1487646316	32.041427	118.789148
1487646316	32.041427	118.789148
1487646316	32.041427	118.789148
1487646320	32.041427	118.789148
1487646320	32.041427	118.789148
1487646320	32.041427	118.789148
1487646341	32.041427	118.789148
1487646341	32.041427	118.789148
1487646341	32.041427	118.789148
1487646345	32.041427	118.789148
1487646345	32.041427	118.789148
1487646345	32.041427	118.789148
1487646348	32.041427	118.789148
1487646348	32.041427	118.789148
1487646348	32.041427	118.789148
1487646380	31.549373	120.351625
1487646467	32.041427	118.789148
1487646467	32.041427	118.789148
1487646467	32.041427	118.789148
1487646467	31.549349	120.351445
1487646470	32.041427	118.789148
1487646470	32.041427	118.789148
1487646470	32.041427	118.789148
1487646474	32.041427	118.789148
1487646474	32.041427	118.789148
1487646474	32.041427	118.789148
1487646477	32.041427	118.789148
1487646477	32.041427	118.789148
1487646477	32.041427	118.789148
1487646513	32.041427	118.789148
1487646513	32.041427	118.789148
1487646513	32.041427	118.789148
1487646516	32.041427	118.789148
1487646516	32.041427	118.789148
1487646516	32.041427	118.789148
1487646549	32.041427	118.789148
1487646549	32.041427	118.789148
1487646549	32.041427	118.789148
1487646580	32.041427	118.789148
1487646580	32.041427	118.789148
1487646580	32.041427	118.789148
1487646582	32.041427	118.789148
1487646582	32.041427	118.789148
1487646582	32.041427	118.789148
1487647704	32.04143	118.789236
1487647704	32.04143	118.789236
1487647704	32.04143	118.789236
1487647707	32.04143	118.789236
1487647707	32.04143	118.789236
1487647707	32.04143	118.789236
1487647710	32.04143	118.789236
1487647710	32.04143	118.789236
1487647710	32.04143	118.789236
1487647713	32.04143	118.789236
1487647713	32.04143	118.789236
1487647713	32.04143	118.789236
1487647716	32.04143	118.789236
1487647716	32.04143	118.789236
1487647716	32.04143	118.789236
1487647719	32.04143	118.789236
1487647719	32.04143	118.789236
1487647719	32.04143	118.789236
1487647721	32.04143	118.789236
1487647721	32.04143	118.789236
1487647721	32.04143	118.789236
1487647727	32.04143	118.789236
1487647727	32.04143	118.789236
1487647727	32.04143	118.789236
1487647731	32.04143	118.789236
1487647731	32.04143	118.789236
1487647731	32.04143	118.789236
1487647734	32.04143	118.789236
1487647734	32.04143	118.789236
1487647734	32.04143	118.789236
1487647737	32.04143	118.789236
1487647737	32.04143	118.789236
1487647737	32.04143	118.789236
1487647742	32.04143	118.789236
1487647742	32.04143	118.789236
1487647742	32.04143	118.789236
1487647746	32.04143	118.789236
1487647746	32.04143	118.789236
1487647746	32.04143	118.789236
1487647750	32.04143	118.789236
1487647750	32.04143	118.789236
1487647750	32.04143	118.789236
1487647753	32.04143	118.789236
1487647753	32.04143	118.789236
1487647753	32.04143	118.789236
1487647756	32.04143	118.789236
1487647756	32.04143	118.789236
1487647756	32.04143	118.789236
1487647759	32.04143	118.789236
1487647759	32.04143	118.789236
1487647759	32.04143	118.789236
1487647763	32.04143	118.789236
1487647763	32.04143	118.789236
1487647763	32.04143	118.789236
1487647767	32.04143	118.789236
1487647767	32.04143	118.789236
1487647767	32.04143	118.789236
1487647769	32.04143	118.789236
1487647769	32.04143	118.789236
1487647769	32.04143	118.789236
1487647773	32.04143	118.789236
1487647773	32.04143	118.789236
1487647773	32.04143	118.789236
1487647775	32.04143	118.789236
1487647775	32.04143	118.789236
1487647775	32.04143	118.789236
1487647778	32.04143	118.789236
1487647778	32.04143	118.789236
1487647778	32.04143	118.789236
1487647783	32.04143	118.789236
1487647783	32.04143	118.789236
1487647783	32.04143	118.789236
1487647785	32.04143	118.789236
1487647785	32.04143	118.789236
1487647785	32.04143	118.789236
1487647788	32.04143	118.789236
1487647788	32.04143	118.789236
1487647788	32.04143	118.789236
1487647792	32.04143	118.789236
1487647792	32.04143	118.789236
1487647792	32.04143	118.789236
1487647795	32.04143	118.789236
1487647795	32.04143	118.789236
1487647795	32.04143	118.789236
1487647797	32.04143	118.789236
1487647797	32.04143	118.789236
1487647797	32.04143	118.789236
1487647801	32.04143	118.789236
1487647801	32.04143	118.789236
1487647801	32.04143	118.789236
1487647803	32.04143	118.789236
1487647803	32.04143	118.789236
1487647803	32.04143	118.789236
1487647837	32.04143	118.789236
1487647837	32.04143	118.789236
1487647837	32.04143	118.789236
1487647885	32.04143	118.789236
1487647885	32.04143	118.789236
1487647885	32.04143	118.789236
1487647929	32.04143	118.789236
1487647929	32.04143	118.789236
1487647929	32.04143	118.789236
1487648225	32.04143	118.789236
1487648225	32.04143	118.789236
1487648225	32.04143	118.789236
1487648272	32.041431	118.789241
1487648272	32.041431	118.789241
1487648272	32.041431	118.789241
1487648303	32.041431	118.789241
1487648303	32.041431	118.789241
1487648303	32.041431	118.789241
1487648335	32.041431	118.789241
1487648335	32.041431	118.789241
1487648335	32.041431	118.789241
1487648369	32.041431	118.789241
1487648369	32.041431	118.789241
1487648369	32.041431	118.789241
1487648402	32.041431	118.789241
1487648402	32.041431	118.789241
1487648402	32.041431	118.789241
1487648433	32.041431	118.789241
1487648433	32.041431	118.789241
1487648433	32.041431	118.789241
1487648464	32.041431	118.789241
1487648464	32.041431	118.789241
1487648464	32.041431	118.789241
1487648494	32.041431	118.789241
1487648494	32.041431	118.789241
1487648494	32.041431	118.789241
1487648525	32.041431	118.789241
1487648525	32.041431	118.789241
1487648525	32.041431	118.789241
1487648598	32.041431	118.789241
1487648598	32.041431	118.789241
1487648598	32.041431	118.789241
1487648707	32.041431	118.789241
1487648707	32.041431	118.789241
1487648707	32.041431	118.789241
1487648834	32.041431	118.789241
1487648834	32.041431	118.789241
1487648834	32.041431	118.789241
1487648865	32.041431	118.789241
1487648865	32.041431	118.789241
1487648865	32.041431	118.789241
1487648927	32.041357	118.789238
1487648927	32.041357	118.789238
1487648927	32.041357	118.789238
1487648992	32.041357	118.789238
1487648992	32.041357	118.789238
1487648992	32.041357	118.789238
1487649036	32.041357	118.789238
1487649036	32.041357	118.789238
1487649036	32.041357	118.789238
1487649095	32.041357	118.789238
1487649095	32.041357	118.789238
1487649095	32.041357	118.789238
1487649127	32.041357	118.789238
1487649127	32.041357	118.789238
1487649127	32.041357	118.789238
1487649168	32.041357	118.789238
1487649168	32.041357	118.789238
1487649168	32.041357	118.789238
1487649207	32.041357	118.789238
1487649207	32.041357	118.789238
1487649207	32.041357	118.789238
1487649242	32.041412	118.789156
1487649242	32.041412	118.789156
1487649242	32.041412	118.789156
1487649367	32.041412	118.789156
1487649367	32.041412	118.789156
1487649367	32.041412	118.789156
1487649846	32.041412	118.789156
1487649846	32.041412	118.789156
1487649846	32.041412	118.789156
1487650312	32.041447	118.789211
1487650312	32.041447	118.789211
1487650312	32.041447	118.789211
1487650345	32.041447	118.789211
1487650345	32.041447	118.789211
1487650345	32.041447	118.789211
1487652492	32.041447	118.789211
1487652492	32.041447	118.789211
1487652492	32.041447	118.789211
1487652524	32.041404	118.789289
1487652524	32.041404	118.789289
1487652524	32.041404	118.789289
1487652559	32.041404	118.789289
1487652559	32.041404	118.789289
1487652559	32.041404	118.789289
1487653027	32.041404	118.789289
1487653027	32.041404	118.789289
1487653027	32.041404	118.789289
1487653068	32.041389	118.789286
1487653068	32.041389	118.789286
1487653068	32.041389	118.789286
