1487570090	32.117895	118.543535
1487570103	32.11784	118.54354166666666
1487570121	32.117895	118.543535
1487570134	32.11784	118.54354166666666
1487570162	32.117895	118.543535
1487570165	32.11784	118.54354166666666
1487570196	32.11784	118.54354166666666
1487570198	32.117895	118.543535
1487570227	32.11784	118.54354166666666
1487570229	32.117895	118.543535
1487570260	32.11784	118.54354166666666
1487570262	32.117895	118.543535
1487570291	32.11784	118.54354166666666
1487570298	32.117895	118.543535
1487570322	32.11784	118.54354166666666
1487570339	32.117895	118.543535
1487570358	32.11784	118.54354166666666
1487570370	32.117895	118.543535
1487570389	32.11784	118.54354166666666
1487570406	32.117895	118.543535
1487570422	32.11784	118.54354166666666
1487570453	32.117848333333335	118.54356333333332
1487570484	32.117848333333335	118.54356333333332
1487570515	32.117848333333335	118.54356333333332
1487570546	32.117848333333335	118.54356333333332
1487570579	32.117848333333335	118.54356333333332
1487570610	32.117848333333335	118.54356333333332
1487570641	32.117873333333335	118.543625
1487570672	32.117873333333335	118.543625
1487570703	32.117891666666665	118.54367166666667
1487570736	32.117891666666665	118.54367166666667
1487570767	32.117891666666665	118.54367166666667
1487570798	32.117891666666665	118.54367166666667
1487570834	32.11789666666667	118.54368833333335
1487570865	32.11789666666667	118.54368833333335
1487572689	32.11770666666666	118.54344666666665
1487572725	32.11771	118.54325833333333
1487572756	32.11771	118.54325833333333
1487572768	32.11771	118.54325833333333
1487572779	32.11771	118.54325833333333
1487572789	32.11771	118.54325833333333
1487572796	32.11771	118.54325833333333
1487572798	32.11771	118.54325833333333
1487572810	32.11771	118.54325833333333
1487572820	32.11771	118.54325833333333
1487572827	32.11771	118.54325833333333
1487572834	32.11771	118.54325833333333
1487572846	32.11771	118.54325833333333
1487572857	32.11771	118.54325833333333
1487572859	32.11771	118.54325833333333
1487572866	32.11771	118.54325833333333
1487572868	32.11771	118.54325833333333
1487572869	32.11771	118.54325833333333
1487572871	32.11771	118.54325833333333
1487572873	32.11771	118.54325833333333
1487572874	32.11771	118.54325833333333
1487572876	32.11771	118.54325833333333
1487572884	32.11771	118.54325833333333
1487572885	32.11771	118.54325833333333
1487572887	32.11771	118.54325833333333
1487572889	32.11771	118.54325833333333
1487572891	32.11771	118.54325833333333
1487572893	32.11771	118.54325833333333
1487572895	32.11771	118.54325833333333
1487572896	32.11771	118.54325833333333
1487572898	32.11771	118.54325833333333
1487572900	32.11771	118.54325833333333
1487572901	32.11771	118.54325833333333
1487572935	32.11771	118.54325833333333
1487572966	32.11771	118.54325833333333
1487573004	32.11771	118.54325833333333
1487573035	32.11771	118.54325833333333
1487573066	32.11771	118.54325833333333
1487573097	32.11771	118.54325833333333
1487573128	32.11771	118.54325833333333
1487573167	32.11771	118.54325833333333
1487573203	32.11771	118.54325833333333
1487573234	32.11771	118.54325833333333
1487573265	32.11771	118.54325833333333
1487573306	32.11771	118.54325833333333
1487573339	32.11771	118.54325833333333
1487573370	32.11771	118.54325833333333
1487573411	32.11771	118.54325833333333
1487573442	32.11771	118.54325833333333
1487573487	32.11771	118.54325833333333
1487573531	32.11772833333334	118.543295
1487573538	32.11799333333333	118.54359500000001
1487573567	32.11772833333334	118.543295
1487573569	32.11799333333333	118.54359500000001
1487573600	32.11799333333333	118.54359500000001
1487573608	32.11772833333334	118.543295
1487573631	32.117975	118.54358833333332
1487573639	32.11772833333334	118.543295
1487573661	32.117975	118.54358833333332
1487573680	32.11772833333334	118.543295
1487573692	32.117975	118.54358833333332
1487573713	32.11772833333334	118.543295
1487573723	32.117975	118.54358833333332
1487573749	32.11772833333334	118.543295
1487573754	32.117975	118.54358833333332
1487573785	32.11772833333334	118.543295
1487573785	32.11793333333333	118.54357166666665
1487573816	32.11793333333333	118.54357166666665
1487573826	32.11772833333334	118.543295
1487573847	32.11793333333333	118.54357166666665
1487573857	32.11772833333334	118.543295
1487573878	32.11793333333333	118.54357166666665
1487573913	32.11793333333333	118.54357166666665
1487573945	32.11793333333333	118.54357166666665
1487573975	32.11793333333333	118.54357166666665
1487574006	32.11793333333333	118.54357166666665
1487574037	32.11793333333333	118.54357166666665
1487574068	32.11793333333333	118.54357166666665
1487574109	32.11793333333333	118.54357166666665
1487574145	32.11793333333333	118.54357166666665
1487574176	32.11793333333333	118.54357166666665
1487574207	32.11793333333333	118.54357166666665
1487574238	32.11793333333333	118.54357166666665
1487574269	32.11793333333333	118.54357166666665
1487574300	32.11793333333333	118.54357166666665
1487574331	32.11793333333333	118.54357166666665
1487574367	32.11793333333333	118.54357166666665
1487574403	32.11793333333333	118.54357166666665
1487574439	32.11793333333333	118.54357166666665
1487577193	32.117285	118.54381333333335
1487577224	32.117263333333334	118.54380666666665
1487577258	32.117263333333334	118.54380666666665
1487577289	32.117263333333334	118.54380666666665
1487577320	32.117263333333334	118.54380666666665
1487577351	32.117263333333334	118.54380666666665
1487577382	32.11725	118.5438
1487577412	32.11720666666667	118.54378333333334
1487577443	32.11719166666667	118.54377666666666
1487577474	32.11707166666667	118.54373
1487577506	32.11752666666666	118.54360666666668
1487577537	32.117405	118.543625
1487577565	32.11786	118.54351666666668
1487577568	32.117405	118.543625
1487577596	32.11783666666667	118.54343500000002
1487577599	32.117468333333335	118.54359833333335
1487577630	32.117468333333335	118.54359833333335
1487577637	32.11783666666667	118.54338333333332
1487577661	32.11754	118.54354833333333
1487577668	32.11783666666667	118.54338333333332
1487577692	32.117626666666666	118.54350666666666
1487577709	32.11783666666667	118.54338333333332
1487577723	32.117626666666666	118.54350666666666
1487577743	32.11783666666667	118.54338333333332
1487577754	32.117626666666666	118.54350666666666
1487577774	32.11783666666667	118.54338333333332
1487577785	32.117626666666666	118.54350666666666
1487577815	32.11783666666667	118.54338333333332
1487577816	32.117626666666666	118.54350666666666
1487577847	32.117626666666666	118.54350666666666
1487577856	32.11783666666667	118.54338333333332
1487577878	32.117626666666666	118.54350666666666
1487577892	32.11783666666667	118.54338333333332
1487577909	32.117626666666666	118.54350666666666
1487577926	32.11783666666667	118.54338333333332
1487577940	32.117626666666666	118.54350666666666
1487577962	32.11783666666667	118.54338333333332
1487577971	32.117626666666666	118.54350666666666
1487577998	32.11783666666667	118.54338333333332
1487578003	32.117626666666666	118.54350666666666
1487578028	32.11783666666667	118.54338333333332
1487578034	32.11768333333334	118.54350666666666
1487578059	32.11783666666667	118.54338333333332
1487578064	32.11768333333334	118.54350666666666
1487578098	32.11783666666667	118.54338333333332
1487578138	32.11783666666667	118.54338333333332
1487578174	32.11783666666667	118.54338333333332
1487578205	32.11783666666667	118.54338333333332
1487578246	32.11783666666667	118.54338333333332
1487578290	32.11783666666667	118.54338333333332
1487578321	32.11783666666667	118.54338333333332
1487578361	32.11783666666667	118.54338333333332
1487578392	32.11783666666667	118.54338333333332
1487578433	32.11783666666667	118.54338333333332
1487578467	32.11783666666667	118.54338333333332
1487578498	32.11783666666667	118.54338333333332
1487578544	32.11783666666667	118.54338333333332
1487578575	32.11783666666667	118.54338333333332
1487578606	32.11783666666667	118.54338333333332
1487579593	32.11773166666667	118.54345833333333
1487579624	32.117755	118.54348666666668
1487579655	32.117755	118.54348499999999
1487579691	32.117755	118.54348499999999
1487579727	32.117755	118.54348499999999
1487579760	32.117755	118.54348499999999
1487579791	32.117755	118.54348499999999
1487579822	32.117755	118.54348499999999
1487579853	32.117755	118.54348499999999
1487579884	32.117755	118.54348499999999
1487579917	32.117755	118.54348499999999
1487579948	32.117755	118.54348499999999
1487579984	32.117755	118.54348499999999
1487580020	32.117755	118.54348499999999
1487580051	32.117755	118.54348499999999
1487580089	32.117755	118.54348499999999
1487580130	32.117755	118.54348499999999
1487580161	32.117755	118.54348499999999
1487580192	32.117755	118.54348499999999
1487580233	32.117755	118.54348499999999
1487580267	32.117755	118.54348499999999
1487580297	32.117755	118.54348499999999
1487580338	32.117755	118.54348499999999
1487580369	32.117755	118.54348499999999
1487580400	32.117755	118.54348499999999
1487580433	32.117755	118.54348499999999
1487580464	32.117755	118.54348499999999
1487580500	32.117755	118.54348499999999
1487580531	32.117755	118.54348499999999
1487580562	32.117755	118.54348499999999
1487580711	32.117936666666665	118.54352166666668
1487580747	32.117965000000005	118.543535
1487580783	32.117961666666666	118.54352666666666
1487580814	32.11799	118.54347000000001
1487580845	32.11799	118.54347000000001
1487580876	32.117976666666664	118.54348166666665
1487580907	32.11799	118.54346833333332
1487580938	32.11803999999999	118.54336333333335
1487580969	32.11795666666667	118.54343166666668
1487581010	32.11793	118.54337666666667
1487581041	32.11797833333333	118.54338666666666
1487581072	32.11798833333333	118.54321666666668
1487581103	32.11802333333333	118.54328833333332
1487581134	32.11799833333334	118.54329166666666
1487581164	32.118021666666664	118.54328666666667
1487581196	32.11803166666667	118.54329166666666
1487581227	32.11804166666666	118.54329166666666
1487581258	32.11802333333333	118.54333166666666
1487581293	32.11801833333333	118.54333166666666
1487581324	32.11805666666667	118.54336333333335
1487581361	32.11806	118.54336833333333
1487581392	32.118066666666664	118.54310666666667
1487581422	32.118035	118.54326666666665
1487581453	32.118071666666665	118.543115
1487581484	32.118111666666664	118.54310833333332
1487581516	32.118065	118.54298833333333
1487581533	32.11775166666666	118.54349666666667
1487581547	32.117981666666665	118.543065
1487581564	32.11776166666667	118.54346500000001
1487581578	32.11808333333333	118.543205
1487581605	32.11776166666667	118.54346500000001
1487581614	32.118098333333336	118.54319666666667
1487581636	32.11776166666667	118.54346500000001
1487581645	32.11813666666667	118.54315666666668
1487581667	32.11776166666667	118.54346500000001
1487581701	32.11776166666667	118.54346500000001
1487581732	32.11776166666667	118.54346500000001
1487581763	32.11776166666667	118.54346500000001
1487581794	32.11776166666667	118.54346500000001
1487581825	32.11776166666667	118.54346500000001
1487581858	32.11776166666667	118.54346500000001
1487581899	32.11776166666667	118.54346500000001
1487581930	32.11776166666667	118.54346500000001
1487581961	32.11776166666667	118.54346500000001
1487581992	32.11776166666667	118.54346500000001
1487582026	32.11776166666667	118.54346500000001
1487582072	32.11776166666667	118.54346500000001
1487582113	32.11776166666667	118.54346500000001
1487582144	32.11776166666667	118.54346500000001
1487582180	32.11776166666667	118.54346500000001
1487582214	32.11776166666667	118.54346500000001
1487582245	32.11776166666667	118.54346500000001
1487582275	32.11776166666667	118.54346500000001
1487582316	32.11776166666667	118.54346500000001
1487582348	32.11776166666667	118.54346500000001
1487582381	32.11776166666667	118.54346500000001
1487582412	32.11776166666667	118.54346500000001
1487582448	32.11776166666667	118.54346500000001
1487582479	32.11776166666667	118.54346500000001
1487582510	32.11776166666667	118.54346500000001
1487584338	32.118219999999994	118.54348333333334
1487584369	32.118105	118.54352833333333
1487584400	32.11798833333333	118.54350166666667
1487584431	32.11798833333333	118.54350166666667
1487584468	32.117976666666664	118.54348333333334
1487584499	32.117958333333334	118.54347166666666
1487584529	32.117958333333334	118.54347166666666
1487584560	32.117958333333334	118.54347166666666
1487584591	32.117958333333334	118.54347166666666
1487584623	32.117958333333334	118.54347166666666
1487584653	32.117958333333334	118.54347166666666
1487584684	32.117958333333334	118.54347166666666
1487584715	32.117958333333334	118.54347166666666
1487584746	32.117958333333334	118.54347166666666
1487584778	32.117958333333334	118.54347166666666
1487584814	32.117958333333334	118.54347166666666
1487584854	32.11788833333333	118.54344833333334
1487584885	32.11788833333333	118.54344833333334
1487584915	32.11783333333334	118.54342666666668
1487584947	32.11783333333334	118.54342666666668
1487584978	32.11783333333334	118.54342666666668
1487585009	32.11783333333334	118.54342666666668
1487585022	32.11778833333334	118.54351666666668
1487585039	32.11783333333334	118.54342666666668
1487585063	32.117823333333334	118.54346166666667
1487585071	32.11783333333334	118.54342666666668
1487585094	32.11782166666667	118.54345833333333
1487585107	32.11783333333334	118.54342666666668
1487585125	32.11782166666667	118.54345833333333
1487585138	32.11777666666667	118.54339999999999
1487585156	32.11782166666667	118.54345833333333
1487585169	32.11777666666667	118.54339999999999
1487585190	32.11782166666667	118.54345833333333
1487585210	32.11777666666667	118.54339999999999
1487585220	32.11782166666667	118.54345833333333
1487585246	32.11775	118.54339499999999
1487585251	32.11782166666667	118.54345833333333
1487585287	32.11782166666667	118.54345833333333
1487585323	32.11782166666667	118.54345833333333
1487585357	32.11782166666667	118.54345833333333
1487585388	32.11782166666667	118.54345833333333
1487585419	32.11782166666667	118.54345833333333
1487585450	32.11782166666667	118.54345833333333
1487585491	32.11782166666667	118.54345833333333
1487585525	32.11782166666667	118.54345833333333
1487585556	32.11782166666667	118.54345833333333
1487585587	32.11782166666667	118.54345833333333
1487585618	32.11782166666667	118.54345833333333
1487585649	32.11782166666667	118.54345833333333
1487585682	32.11782166666667	118.54345833333333
1487585718	32.11781	118.54341166666667
1487585754	32.11781	118.54341166666667
1487585785	32.11781	118.54341166666667
1487585816	32.11781	118.54341166666667
1487585850	32.11781	118.54341166666667
1487585881	32.11781	118.54341166666667
1487585912	32.11781	118.54341166666667
1487585943	32.11781	118.54341166666667
1487585974	32.11781	118.54341166666667
1487587924	32.11779833333333	118.54348499999999
1487587955	32.117803333333335	118.54354833333333
1487587996	32.117803333333335	118.54354833333333
1487588019	32.11779666666666	118.54343666666666
1487588027	32.117803333333335	118.54354833333333
1487588050	32.11777666666667	118.54342333333334
1487588058	32.117803333333335	118.54354833333333
1487588081	32.11777666666667	118.54342166666666
1487588092	32.117803333333335	118.54354833333333
1487588112	32.11777666666667	118.54342166666666
1487588123	32.117803333333335	118.54354833333333
1487588143	32.11777666666667	118.54342166666666
1487588159	32.117803333333335	118.54354833333333
1487588174	32.11777666666667	118.54342166666666
1487588190	32.117803333333335	118.54354833333333
1487588205	32.11777666666667	118.54342166666666
1487588221	32.117803333333335	118.54354833333333
1487588246	32.11777666666667	118.54342166666666
1487588255	32.117803333333335	118.54354833333333
1487588286	32.117803333333335	118.54354833333333
1487588287	32.11777666666667	118.54342166666666
1487588317	32.117803333333335	118.54354833333333
1487588318	32.11777666666667	118.54342166666666
1487588356	32.11777666666667	118.54342166666666
1487588358	32.117803333333335	118.54354833333333
1487588387	32.11777666666667	118.54342166666666
1487588394	32.117803333333335	118.54354833333333
1487588418	32.11777666666667	118.54342166666666
1487588428	32.117803333333335	118.54354833333333
1487588454	32.11777666666667	118.54342166666666
1487588459	32.117803333333335	118.54354833333333
1487588485	32.11777666666667	118.54342166666666
1487588487	32.11777666666667	118.54342166666666
1487588489	32.11777666666667	118.54342166666666
1487588490	32.11777666666667	118.54342166666666
1487588492	32.11777666666667	118.54342166666666
1487588494	32.11777666666667	118.54342166666666
1487588495	32.11777666666667	118.54342166666666
1487588497	32.11777666666667	118.54342166666666
1487588499	32.11777333333334	118.54339499999999
1487588500	32.117803333333335	118.54354833333333
1487588500	32.11777333333334	118.54339333333334
1487588502	32.11777166666666	118.54339166666665
1487588504	32.11777166666666	118.54339166666665
1487588506	32.11777166666666	118.54339166666665
1487588507	32.11777166666666	118.54339166666665
1487588509	32.11777166666666	118.54339166666665
1487588511	32.11777166666666	118.54339166666665
1487588513	32.11777166666666	118.54339166666665
1487588515	32.11777166666666	118.54339166666665
1487588517	32.11777166666666	118.54339166666665
1487588518	32.11777166666666	118.54339166666665
1487588520	32.11777166666666	118.54339166666665
1487588522	32.11777166666666	118.54339166666665
1487588524	32.11777166666666	118.54339166666665
1487588526	32.11777166666666	118.54339166666665
1487588528	32.11777166666666	118.54339166666665
1487588529	32.11777166666666	118.54339166666665
1487588531	32.117803333333335	118.54354833333333
1487588531	32.11777166666666	118.54339166666665
1487588533	32.11777166666666	118.54339166666665
1487588535	32.11777166666666	118.54339166666665
1487588537	32.11777166666666	118.54339166666665
1487588539	32.11777166666666	118.54339166666665
1487588562	32.117803333333335	118.54354833333333
1487588570	32.11777166666666	118.54339166666665
1487588596	32.117803333333335	118.54354833333333
1487588606	32.11777166666666	118.54339166666665
1487588627	32.117803333333335	118.54354833333333
1487588637	32.11777166666666	118.54339166666665
1487588658	32.117803333333335	118.54354833333333
1487588673	32.11777166666666	118.54339166666665
1487588689	32.117803333333335	118.54354833333333
1487588704	32.11777166666666	118.54339166666665
1487588720	32.117803333333335	118.54354833333333
1487588736	32.11777166666666	118.54339166666665
1487588764	32.117803333333335	118.54354833333333
1487588772	32.11777166666666	118.54339166666665
1487588800	32.117803333333335	118.54354833333333
1487588803	32.11777166666666	118.54339166666665
1487588831	32.117803333333335	118.54354833333333
1487588834	32.11777166666666	118.54339166666665
1487588862	32.117803333333335	118.54354833333333
1487588865	32.11777166666666	118.54339166666665
1487588893	32.117803333333335	118.54354833333333
1487588897	32.11777166666666	118.54339166666665
1487588929	32.11777166666666	118.54339166666665
1487588970	32.11776333333333	118.54333666666668
1487589006	32.11776333333333	118.54333666666668
1487589037	32.11776166666667	118.54332500000001
1487589963	32.11784166666666	118.54364500000001
1487589994	32.117828333333335	118.54351999999999
1487590034	32.11783333333334	118.54352833333333
1487590070	32.11783333333334	118.54352833333333
1487590121	32.11783333333334	118.54352833333333
1487590165	32.11783333333334	118.54352833333333
1487590196	32.11783333333334	118.54352833333333
1487590227	32.11783333333334	118.54352833333333
1487590263	32.11783333333334	118.54352833333333
1487590304	32.11783333333334	118.54352833333333
1487590348	32.117815	118.543515
1487590379	32.117815	118.543515
1487590380	32.117815	118.543515
1487590382	32.117815	118.543515
1487590383	32.117815	118.543515
1487590385	32.117815	118.543515
1487590387	32.117815	118.543515
1487590389	32.117815	118.543515
1487590390	32.117815	118.543515
1487590392	32.117815	118.543515
1487590394	32.117815	118.543515
1487590396	32.117815	118.543515
1487590398	32.117815	118.543515
1487590400	32.117815	118.543515
1487590402	32.117815	118.543515
1487590403	32.117815	118.543515
1487590405	32.117815	118.543515
1487590407	32.117815	118.543515
1487590419	32.117815	118.543515
1487590430	32.117815	118.543515
1487590442	32.117815	118.543515
1487590454	32.117815	118.543515
1487590456	32.117815	118.543515
1487590458	32.117815	118.543515
1487590470	32.117815	118.543515
1487590476	32.117815	118.543515
1487590478	32.117815	118.543515
1487590480	32.117815	118.543515
1487590481	32.117815	118.543515
1487590483	32.117815	118.543515
1487590485	32.117815	118.543515
1487590487	32.117815	118.543515
1487590521	32.117815	118.543515
1487590552	32.117815	118.543515
1487590583	32.117815	118.543515
1487590617	32.117815	118.54348666666668
1487590648	32.117815	118.54348666666668
1487590689	32.117815	118.54348666666668
1487590720	32.117815	118.54348666666668
1487590751	32.117795	118.54348
1487590795	32.117795	118.54348
1487590826	32.117795	118.54348
1487590867	32.117795	118.54348
1487590898	32.117795	118.54348
1487590929	32.117795	118.54348
1487590973	32.117795	118.54348
1487591004	32.117795	118.54348
1487591035	32.117795	118.54348
1487591076	32.117795	118.54348
1487591107	32.117795	118.54348
1487591508	32.118105	118.54369999999999
1487591554	32.11755166666667	118.54342833333334
1487591585	32.11768333333334	118.54339499999999
1487591616	32.11768333333334	118.54339499999999
1487591647	32.11768333333334	118.54339499999999
1487591679	32.11768333333334	118.54339499999999
1487591710	32.11768333333334	118.54342666666668
1487591747	32.11768333333334	118.54342666666668
1487591778	32.11768333333334	118.54342666666668
1487591809	32.11768333333334	118.54342666666668
1487591841	32.11768333333334	118.54342666666668
1487591872	32.11768333333334	118.54342666666668
1487591910	32.11771833333333	118.54338000000001
1487591941	32.117745	118.54338000000001
1487591977	32.11772666666666	118.54336333333335
1487592011	32.117738333333335	118.54324666666668
1487592062	32.117695000000005	118.54317
1487592092	32.11844833333334	118.54046166666667
1487592123	32.12073	118.53813666666669
1487592153	32.12306	118.53890000000001
1487592184	32.127451666666666	118.54225166666666
1487592215	32.13006666666667	118.54509333333333
1487592245	32.13119833333334	118.54892166666666
1487592275	32.1329	118.55191333333332
1487592306	32.13191166666666	118.55304499999998
1487592337	32.131973333333335	118.55419166666667
1487592367	32.131949999999996	118.55429166666666
1487592398	32.131978333333336	118.554295
1487592428	32.131978333333336	118.554295
1487592458	32.132020000000004	118.55446333333333
1487593430	32.117846666666665	118.54351333333334
1487593461	32.11778833333334	118.54350166666667
1487593502	32.11778666666667	118.54352333333333
1487593533	32.11778666666667	118.54352333333333
1487593564	32.11778666666667	118.54352333333333
1487593569	32.11778666666667	118.54352333333333
1487593571	32.11778666666667	118.54352333333333
1487593578	32.11778666666667	118.54352333333333
1487593579	32.11778666666667	118.54352333333333
1487593581	32.11778666666667	118.54352333333333
1487593583	32.11778666666667	118.54352333333333
1487593585	32.11778666666667	118.54352333333333
1487593586	32.11778666666667	118.54352333333333
1487593588	32.11778666666667	118.54352333333333
1487593589	32.11778666666667	118.54352333333333
1487593591	32.11778666666667	118.54352333333333
1487593593	32.11778666666667	118.54352333333333
1487593594	32.11778666666667	118.54352333333333
1487593596	32.11778666666667	118.54352333333333
1487593597	32.11778666666667	118.54352333333333
1487593599	32.11778666666667	118.54352333333333
1487593601	32.11778666666667	118.54352333333333
1487593602	32.11778666666667	118.54352333333333
1487593604	32.11778666666667	118.54352333333333
1487593606	32.11778666666667	118.54352333333333
1487593607	32.11778666666667	118.54352333333333
1487593609	32.11778666666667	118.54352333333333
1487593611	32.11778666666667	118.54352333333333
1487593613	32.11778666666667	118.54352333333333
1487593614	32.11778666666667	118.54352333333333
1487593616	32.11778666666667	118.54352333333333
1487593618	32.11778666666667	118.54352333333333
1487593620	32.11778666666667	118.54352333333333
1487593622	32.11778666666667	118.54352333333333
1487593629	32.11778666666667	118.54352333333333
1487593673	32.11778666666667	118.54352333333333
1487593714	32.11778666666667	118.54352333333333
1487593755	32.11778666666667	118.54352333333333
1487593786	32.11778666666667	118.54352333333333
1487593817	32.11778666666667	118.54352333333333
1487593852	32.11778666666667	118.54352333333333
1487593888	32.11778666666667	118.54352333333333
1487593929	32.11778666666667	118.54352333333333
1487593959	32.11778666666667	118.54352333333333
1487594000	32.11778666666667	118.54352333333333
1487594040	32.11778666666667	118.54352333333333
1487594071	32.11778666666667	118.54352333333333
1487594107	32.11778666666667	118.54352333333333
1487594148	32.11778666666667	118.54352333333333
1487594179	32.11778666666667	118.54352333333333
1487594214	32.11778666666667	118.54352333333333
1487594244	32.11778666666667	118.54352333333333
1487594285	32.11778666666667	118.54352333333333
1487594316	32.11778666666667	118.54352333333333
1487594347	32.11778666666667	118.54352333333333
1487594392	32.11778666666667	118.54352333333333
1487594423	32.11778666666667	118.54352333333333
1487594454	32.11778666666667	118.54352333333333
1487594484	32.11778666666667	118.54352333333333
1487594516	32.11778666666667	118.54352333333333
1487595106	32.152523333333335	118.52865666666666
1487595136	32.152696666666664	118.52864
1487595167	32.15270833333333	118.52864999999998
1487595197	32.15270833333333	118.52864999999998
1487595227	32.15270833333333	118.52864999999998
1487595259	32.15270833333333	118.52864999999998
1487595289	32.15270833333333	118.52864999999998
1487595319	32.15270833333333	118.52864999999998
1487595350	32.15270833333333	118.52864999999998
1487595380	32.15270833333333	118.52864999999998
1487595411	32.15270833333333	118.52864999999998
1487595442	32.15270833333333	118.52864999999998
1487595472	32.15270833333333	118.52864999999998
1487595503	32.15270833333333	118.52864999999998
1487595533	32.15270833333333	118.52864999999998
1487595564	32.15270833333333	118.52864999999998
1487595595	32.15270833333333	118.52864999999998
1487595625	32.15272166666667	118.52866333333334
1487595655	32.15272166666667	118.52866333333334
1487595685	32.15272166666667	118.52866333333334
1487595717	32.15272166666667	118.52866333333334
1487595747	32.15274	118.52868166666667
1487595777	32.15274	118.52868166666667
1487595808	32.15274	118.52868166666667
1487595838	32.15274	118.52868166666667
1487595869	32.15274	118.52868166666667
1487595900	32.15274	118.52868166666667
1487595930	32.15274	118.52868166666667
1487595961	32.152849999999994	118.52890333333335
1487595991	32.15284833333333	118.52891833333334
1487596923	32.11779	118.54362333333331
1487596934	32.11779	118.54362333333331
1487596936	32.117785000000005	118.543655
1487596948	32.117785000000005	118.543655
1487596950	32.117785000000005	118.543655
1487596952	32.117785000000005	118.543655
1487596954	32.117785000000005	118.543655
1487596956	32.117785000000005	118.543655
1487596958	32.117785000000005	118.543655
1487596960	32.117785000000005	118.543655
1487596962	32.117785000000005	118.543655
1487596968	32.117785000000005	118.543655
1487596976	32.117785000000005	118.543655
1487596978	32.117785000000005	118.543655
1487596981	32.117785000000005	118.543655
1487596983	32.117785000000005	118.543655
1487596985	32.117785000000005	118.543655
1487596987	32.117785000000005	118.543655
1487596993	32.117785000000005	118.543655
1487596995	32.117785000000005	118.543655
1487596997	32.117785000000005	118.543655
1487596999	32.117785000000005	118.543655
1487597001	32.117785000000005	118.543655
1487597002	32.11781166666666	118.54349833333332
1487597004	32.117785000000005	118.543655
1487597011	32.117785000000005	118.543655
1487597022	32.117785000000005	118.543655
1487597034	32.117778333333334	118.54368666666666
1487597046	32.117778333333334	118.54368666666666
1487597048	32.117778333333334	118.54368666666666
1487597049	32.117778333333334	118.54368666666666
1487597084	32.117765	118.54376833333332
1487597115	32.117765	118.54376833333332
1487597148	32.117758333333335	118.54381
1487597183	32.117740000000005	118.54391166666667
1487597229	32.117740000000005	118.54391166666667
1487597275	32.117740000000005	118.54391166666667
1487597316	32.117740000000005	118.54391166666667
1487597347	32.117740000000005	118.54391166666667
1487597392	32.117745	118.54371666666665
1487597445	32.117745	118.54371666666665
1487597485	32.11776833333333	118.54359166666667
1487597526	32.11777166666666	118.54348666666668
1487597557	32.117765	118.54342
1487597593	32.117765	118.54342
1487597628	32.117765	118.54342
1487597659	32.117765	118.54342
1487597695	32.117711666666665	118.543425
1487597726	32.11774833333333	118.54342999999999
1487597771	32.11774833333333	118.54342999999999
1487597808	32.11774833333333	118.54342999999999
1487597844	32.11774833333333	118.54342999999999
1487597875	32.11774833333333	118.54342999999999
1487597922	32.11774833333333	118.54342999999999
1487597967	32.117745	118.54340333333333
1487598008	32.117745	118.54340333333333
1487598039	32.117745	118.54338166666666
1487598070	32.117745	118.54338166666666
1487598101	32.117745	118.54338166666666
1487598706	32.152703333333335	118.52904166666667
1487598736	32.15248	118.52893333333334
1487598767	32.15248833333333	118.52891666666667
1487598797	32.15248833333333	118.52891666666667
1487598827	32.15248833333333	118.52891666666667
1487598859	32.15248833333333	118.52891666666667
1487598889	32.15248833333333	118.52891666666667
1487598919	32.15248833333333	118.52891666666667
1487598950	32.15248833333333	118.52891666666667
1487598980	32.15248833333333	118.52891666666667
1487599012	32.15248833333333	118.52891666666667
1487599042	32.15248833333333	118.52891666666667
1487599072	32.15248833333333	118.52891666666667
1487599102	32.15248833333333	118.52891666666667
1487599125	32.11771833333333	118.543365
1487599133	32.15251333333333	118.52887333333335
1487599156	32.11769666666667	118.54334500000002
1487599164	32.15253499999999	118.52883166666668
1487599187	32.11810666666667	118.54319
1487599195	32.15253499999999	118.52883166666668
1487599218	32.117868333333334	118.54331500000002
1487599225	32.15253499999999	118.52883166666668
1487599249	32.117826666666666	118.54328
1487599255	32.15253499999999	118.52883166666668
1487599284	32.117826666666666	118.54328
1487599286	32.15253499999999	118.52883166666668
1487599317	32.15253499999999	118.52883166666668
1487599325	32.11781	118.543265
1487599347	32.15253499999999	118.52883166666668
1487599366	32.11781	118.543265
1487599378	32.15253499999999	118.52883166666668
1487599402	32.11781	118.543265
1487599408	32.15253499999999	118.52883166666668
1487599438	32.15253499999999	118.52883166666668
1487599443	32.11781	118.543265
1487599470	32.15253499999999	118.52883166666668
1487599478	32.11779333333333	118.54325166666668
1487599500	32.15253499999999	118.52883166666668
1487599509	32.11779333333333	118.54324
1487599530	32.15253499999999	118.52883166666668
1487599545	32.11779333333333	118.54324
1487599561	32.15253499999999	118.52883166666668
1487599581	32.11779333333333	118.54324
1487599591	32.15253499999999	118.52883166666668
1487599627	32.11779333333333	118.54324
1487599662	32.11781833333334	118.54329666666666
1487599702	32.11781833333334	118.54329666666666
1487599733	32.11781833333334	118.54329666666666
1487599735	32.11781833333334	118.54329666666666
1487599736	32.11781833333334	118.54329666666666
1487599738	32.11781833333334	118.54329666666666
1487599745	32.11781833333334	118.54329666666666
1487599746	32.11781833333334	118.54329666666666
1487599748	32.11781833333334	118.54329666666666
1487599750	32.11781833333334	118.54329666666666
1487599751	32.11781833333334	118.54329666666666
1487599753	32.11781833333334	118.54329666666666
1487599755	32.11781833333334	118.54329666666666
1487599757	32.11781833333334	118.54329666666666
1487599758	32.11781833333334	118.54329666666666
1487599760	32.11781833333334	118.54329666666666
1487599788	32.11781833333334	118.54329666666666
1487599800	32.11783333333334	118.54334833333333
1487599812	32.11783333333334	118.54334833333333
1487599814	32.11783333333334	118.54334833333333
1487599821	32.11783333333334	118.54334833333333
1487599822	32.11783333333334	118.54334833333333
1487599824	32.11783333333334	118.54334833333333
1487599827	32.11783333333334	118.54334833333333
1487599828	32.11783333333334	118.54334833333333
1487599830	32.11783333333334	118.54334833333333
1487599831	32.11783333333334	118.54334833333333
1487599838	32.11783333333334	118.54334833333333
1487599840	32.11783333333334	118.54334833333333
1487599842	32.11783333333334	118.54334833333333
1487599843	32.11783333333334	118.54334833333333
1487599845	32.11783333333334	118.54334833333333
1487599853	32.11783333333334	118.54334833333333
1487599888	32.11783333333334	118.54334833333333
1487599932	32.11783333333334	118.54334833333333
1487599997	32.11783333333334	118.54334833333333
1487600043	32.11783333333334	118.54334833333333
1487600084	32.11783333333334	118.54334833333333
1487600125	32.11783333333334	118.54334833333333
1487600171	32.11783333333334	118.54334833333333
1487600212	32.11783333333334	118.54334833333333
1487600243	32.117915	118.54349166666667
1487600284	32.117915	118.54349166666667
1487600325	32.117915	118.54349166666667
1487600362	32.117915	118.54349166666667
1487602306	32.15323	118.52800166666665
1487602336	32.153191666666665	118.52806833333334
1487602367	32.15318833333333	118.52806000000001
1487602397	32.15318833333333	118.52806000000001
1487602427	32.15318833333333	118.52806000000001
1487602459	32.15318833333333	118.52806000000001
1487602489	32.15318833333333	118.52806000000001
1487602519	32.15318833333333	118.52806000000001
1487602550	32.15318833333333	118.52806000000001
1487602580	32.15318833333333	118.52806000000001
1487602611	32.15318833333333	118.52806000000001
1487602642	32.15318833333333	118.52806000000001
1487602672	32.15318833333333	118.52806000000001
1487602702	32.15318833333333	118.52806000000001
1487602733	32.15318833333333	118.52806000000001
1487602764	32.15318833333333	118.52806000000001
1487602795	32.15318833333333	118.52806000000001
1487602825	32.15318833333333	118.52806000000001
1487602855	32.15318833333333	118.52806000000001
1487602886	32.153173333333335	118.52802666666666
1487602917	32.153173333333335	118.52802666666666
1487602947	32.153173333333335	118.52802666666666
1487602978	32.153173333333335	118.52802666666666
1487603008	32.153173333333335	118.52802666666666
1487603038	32.153173333333335	118.52802666666666
1487603070	32.153173333333335	118.52802666666666
1487603100	32.15316	118.52799166666667
1487603130	32.15316	118.52799166666667
1487603161	32.15316	118.52799166666667
1487603191	32.15316	118.52799166666667
1487603518	32.11744	118.54446333333333
1487603520	32.11744	118.54446333333333
1487603521	32.117781666666666	118.544355
1487603523	32.11781166666666	118.54431833333335
1487603525	32.11794666666666	118.54411333333334
1487603527	32.118035	118.54378166666666
1487603529	32.118045	118.54379166666668
1487603530	32.118084999999994	118.54371
1487603537	32.11803166666667	118.543745
1487603544	32.11806333333333	118.543635
1487603545	32.11803	118.543635
1487603547	32.11803833333333	118.54364333333334
1487603554	32.118065	118.54365166666666
1487603566	32.118129999999994	118.54360666666668
1487603578	32.11816833333333	118.54360833333334
1487603585	32.11816666666667	118.54361333333333
1487603587	32.11816666666667	118.54361333333333
1487603589	32.11816666666667	118.54361333333333
1487603596	32.11816666666667	118.54361333333333
1487603603	32.11816666666667	118.54361333333333
1487603604	32.11815166666667	118.543625
1487603611	32.11815166666667	118.543625
1487603613	32.118140000000004	118.54363833333333
1487603620	32.118140000000004	118.54363833333333
1487603622	32.118114999999996	118.54365666666666
1487603623	32.118114999999996	118.54365666666666
1487603625	32.118114999999996	118.54365666666666
1487603626	32.118114999999996	118.54365666666666
1487603628	32.118114999999996	118.54365666666666
1487603635	32.118114999999996	118.54365666666666
1487603636	32.118114999999996	118.54365666666666
1487603681	32.118114999999996	118.54365666666666
1487603722	32.118114999999996	118.54365666666666
1487603758	32.118114999999996	118.54365666666666
1487603793	32.118114999999996	118.54365666666666
1487603824	32.118114999999996	118.54365666666666
1487603855	32.118114999999996	118.54365666666666
1487603886	32.118114999999996	118.54365666666666
1487603917	32.118114999999996	118.54365666666666
1487603952	32.118114999999996	118.54365666666666
1487603983	32.118114999999996	118.54365666666666
1487604029	32.118114999999996	118.54365666666666
1487604061	32.118114999999996	118.54365666666666
1487604096	32.118114999999996	118.54365666666666
1487604132	32.118114999999996	118.54365666666666
1487604163	32.118114999999996	118.54365666666666
1487604199	32.118114999999996	118.54365666666666
1487604240	32.118114999999996	118.54365666666666
1487604290	32.118114999999996	118.54365666666666
1487604330	32.118114999999996	118.54365666666666
1487604361	32.118114999999996	118.54365666666666
1487604392	32.118114999999996	118.54365666666666
1487604428	32.118114999999996	118.54365666666666
1487604459	32.118114999999996	118.54365666666666
1487604494	32.118114999999996	118.54365666666666
1487604535	32.118114999999996	118.54365666666666
1487604571	32.118114999999996	118.54365666666666
1487604602	32.118114999999996	118.54365666666666
1487604633	32.118114999999996	118.54365666666666
1487605997	32.152555	118.52853166666667
1487606027	32.152474999999995	118.52860333333335
1487606057	32.152474999999995	118.52860333333335
1487606088	32.152474999999995	118.52860333333335
1487606119	32.152474999999995	118.52860333333335
1487606149	32.152474999999995	118.52860333333335
1487606180	32.152384999999995	118.52857833333334
1487606210	32.152384999999995	118.52857833333334
1487606240	32.152384999999995	118.52857833333334
1487606272	32.152384999999995	118.52857833333334
1487606302	32.152384999999995	118.52857833333334
1487606325	32.11787666666667	118.54336833333333
1487606332	32.152384999999995	118.52857833333334
1487606361	32.117775	118.54331833333332
1487606363	32.152384999999995	118.52857833333334
1487606392	32.117775	118.54331833333332
1487606393	32.152384999999995	118.52857833333334
1487606423	32.117775	118.54331833333332
1487606424	32.152384999999995	118.52857833333334
1487606430	32.117775	118.54331833333332
1487606432	32.117775	118.54331833333332
1487606439	32.117775	118.54331833333332
1487606440	32.117775	118.54331833333332
1487606442	32.117775	118.54331833333332
1487606443	32.117775	118.54331833333332
1487606445	32.117775	118.54331833333332
1487606446	32.117775	118.54331833333332
1487606448	32.117775	118.54331833333332
1487606450	32.117775	118.54331833333332
1487606451	32.117775	118.54331833333332
1487606453	32.117775	118.54331833333332
1487606455	32.117775	118.54331833333332
1487606455	32.152384999999995	118.52857833333334
1487606457	32.117775	118.54331833333332
1487606464	32.117775	118.54331833333332
1487606465	32.117775	118.54331833333332
1487606467	32.117775	118.54331833333332
1487606474	32.117775	118.54331833333332
1487606476	32.117775	118.54331833333332
1487606477	32.117775	118.54331833333332
1487606479	32.117775	118.54331833333332
1487606481	32.117775	118.54331833333332
1487606483	32.117775	118.54331833333332
1487606484	32.117775	118.54331833333332
1487606485	32.152384999999995	118.52857833333334
1487606486	32.117775	118.54331833333332
1487606489	32.117775	118.54331833333332
1487606490	32.117775	118.54331833333332
1487606492	32.117775	118.54331833333332
1487606494	32.117775	118.54331833333332
1487606495	32.117775	118.54331833333332
1487606515	32.152384999999995	118.52857833333334
1487606536	32.117775	118.54331833333332
1487606545	32.152384999999995	118.52857833333334
1487606567	32.117755	118.543335
1487606577	32.152384999999995	118.52857833333334
1487606607	32.152384999999995	118.52857833333334
1487606613	32.11774833333333	118.54337500000001
1487606638	32.152384999999995	118.52857833333334
1487606668	32.152384999999995	118.52857833333334
1487606675	32.11774833333333	118.54337500000001
1487606698	32.152384999999995	118.52857833333334
1487606706	32.11774833333333	118.54337500000001
1487606730	32.152384999999995	118.52857833333334
1487606737	32.11774833333333	118.54337500000001
1487606760	32.152384999999995	118.52857833333334
1487606768	32.11774833333333	118.54337500000001
1487606790	32.152384999999995	118.52857833333334
1487606799	32.11774833333333	118.54337500000001
1487606821	32.152384999999995	118.52857833333334
1487606840	32.11774833333333	118.54337500000001
1487606851	32.152384999999995	118.52857833333334
1487606871	32.11774833333333	118.54337500000001
1487606907	32.11774833333333	118.54337500000001
1487606944	32.11774833333333	118.54337500000001
1487606975	32.11774833333333	118.54337500000001
1487607006	32.11774833333333	118.54337500000001
1487607037	32.11774833333333	118.54337500000001
1487607068	32.11774833333333	118.54337500000001
1487607099	32.11774833333333	118.54337500000001
1487607130	32.11774833333333	118.54337500000001
1487607166	32.11774833333333	118.54337500000001
1487607197	32.11774833333333	118.54337500000001
1487607228	32.11774833333333	118.54337500000001
1487607259	32.11774833333333	118.54337500000001
1487607290	32.11774833333333	118.54337500000001
1487607327	32.11774833333333	118.54337500000001
1487607358	32.11774833333333	118.54337500000001
1487607389	32.11774833333333	118.54337500000001
1487609537	32.15260333333333	118.52878000000001
1487609567	32.15260333333333	118.52878000000001
1487609597	32.15260333333333	118.52878000000001
1487609628	32.15260333333333	118.52878000000001
1487609659	32.15260333333333	118.52878000000001
1487609689	32.15260333333333	118.52878000000001
1487609720	32.15260333333333	118.52878000000001
1487609750	32.15260333333333	118.52878000000001
1487609780	32.15260333333333	118.52878000000001
1487609812	32.15260333333333	118.52878000000001
1487609842	32.15260333333333	118.52878000000001
1487609872	32.15260333333333	118.52878000000001
1487609903	32.15260333333333	118.52878000000001
1487609925	32.11787833333334	118.54342999999999
1487609933	32.15260333333333	118.52878000000001
1487609956	32.11784166666666	118.54339
1487609965	32.15260333333333	118.52878000000001
1487609987	32.11784166666666	118.54339
1487609995	32.15260333333333	118.52878000000001
1487610023	32.11784166666666	118.54339
1487610025	32.15260333333333	118.52878000000001
1487610054	32.11784166666666	118.54339
1487610056	32.152595	118.52879833333333
1487610086	32.152595	118.52879833333333
1487610091	32.11784166666666	118.54339
1487610117	32.152595	118.52879833333333
1487610122	32.11786	118.54320666666666
1487610148	32.152595	118.52879833333333
1487610153	32.11786	118.54320666666666
1487610178	32.15255833333333	118.52888499999999
1487610184	32.11786	118.54320666666666
1487610208	32.15255	118.52890333333335
1487610215	32.11786	118.54320666666666
1487610239	32.15255	118.52890333333335
1487610246	32.11786	118.54320666666666
1487610270	32.15255	118.52890333333335
1487610277	32.11786333333334	118.54316666666666
1487610301	32.15255	118.52890333333335
1487610318	32.11788333333333	118.54326833333334
1487610331	32.15255	118.52890333333335
1487610348	32.11785833333333	118.54330666666668
1487610361	32.15255	118.52890333333335
1487610385	32.11786333333334	118.54335
1487610392	32.15255	118.52890333333335
1487610426	32.11786333333334	118.54336833333333
1487610457	32.11786333333334	118.54336833333333
1487610488	32.11786333333334	118.54336833333333
1487610529	32.11785	118.54343833333333
1487610569	32.11785	118.54343833333333
1487610611	32.11785	118.54343833333333
1487610652	32.11785	118.54343833333333
1487610688	32.11785	118.54343833333333
1487610730	32.11785	118.54343833333333
1487610761	32.11785	118.54343833333333
1487610802	32.11785	118.54343833333333
1487610833	32.11785	118.54343833333333
1487610864	32.11785	118.54343833333333
1487610895	32.11785	118.54343833333333
1487610931	32.11785	118.54343833333333
1487613136	32.15243666666667	118.52878333333335
1487613143	32.117783333333335	118.54346666666667
1487613167	32.15243666666667	118.52878333333335
1487613174	32.117783333333335	118.54346666666667
1487613175	32.117783333333335	118.54346666666667
1487613177	32.117783333333335	118.54346666666667
1487613179	32.117783333333335	118.54346666666667
1487613185	32.117783333333335	118.54346666666667
1487613187	32.117783333333335	118.54346666666667
1487613189	32.117783333333335	118.54346666666667
1487613191	32.117783333333335	118.54346666666667
1487613193	32.117783333333335	118.54346666666667
1487613194	32.117783333333335	118.54346666666667
1487613196	32.117783333333335	118.54346666666667
1487613197	32.15243666666667	118.52878333333335
1487613198	32.117783333333335	118.54346666666667
1487613210	32.117783333333335	118.54346666666667
1487613221	32.117783333333335	118.54346666666667
1487613227	32.15243666666667	118.52878333333335
1487613228	32.117783333333335	118.54346666666667
1487613240	32.117783333333335	118.54346666666667
1487613242	32.117783333333335	118.54346666666667
1487613249	32.117783333333335	118.54346666666667
1487613256	32.117783333333335	118.54346666666667
1487613258	32.117783333333335	118.54346666666667
1487613259	32.117783333333335	118.54346666666667
1487613259	32.15243666666667	118.52878333333335
1487613271	32.117783333333335	118.54346666666667
1487613273	32.117783333333335	118.54346666666667
1487613279	32.117783333333335	118.54346666666667
1487613281	32.117783333333335	118.54346666666667
1487613283	32.117783333333335	118.54346666666667
1487613285	32.117783333333335	118.54346666666667
1487613289	32.15243666666667	118.52878333333335
1487613292	32.117783333333335	118.54346666666667
1487613294	32.117783333333335	118.54346666666667
1487613295	32.117783333333335	118.54346666666667
1487613297	32.117783333333335	118.54346666666667
1487613320	32.152458333333335	118.52876333333333
1487613329	32.117783333333335	118.54346666666667
1487613350	32.152485	118.52873999999998
1487613360	32.117783333333335	118.54346666666667
1487613380	32.15251333333333	118.52871666666667
1487613391	32.117783333333335	118.54346666666667
1487613412	32.15251333333333	118.52871666666667
1487613422	32.117783333333335	118.54346666666667
1487613442	32.15251333333333	118.52871666666667
1487613453	32.117783333333335	118.54346666666667
1487613473	32.15251333333333	118.52871666666667
1487613484	32.117783333333335	118.54346666666667
1487613503	32.15251333333333	118.52871666666667
1487613515	32.117783333333335	118.54346666666667
1487613533	32.15251333333333	118.52871666666667
1487613546	32.117783333333335	118.54346666666667
1487613565	32.15251333333333	118.52871666666667
1487613577	32.117783333333335	118.54346666666667
1487613595	32.15251333333333	118.52871666666667
1487613608	32.117783333333335	118.54346666666667
1487613625	32.15251333333333	118.52871666666667
1487613639	32.117783333333335	118.54346666666667
1487613656	32.15251333333333	118.52871666666667
1487613685	32.117783333333335	118.54346666666667
1487613686	32.15251333333333	118.52871666666667
1487613717	32.117783333333335	118.54346666666667
1487613718	32.15251333333333	118.52871666666667
1487613747	32.117783333333335	118.54346666666667
1487613748	32.15251333333333	118.52871666666667
1487613778	32.117783333333335	118.54346666666667
1487613778	32.15251333333333	118.52871666666667
1487613809	32.15251333333333	118.52871666666667
1487613814	32.117783333333335	118.54346666666667
1487613839	32.15251333333333	118.52871666666667
1487613845	32.117783333333335	118.54346666666667
1487613871	32.15251333333333	118.52871666666667
1487613882	32.117783333333335	118.54346666666667
1487613901	32.15251333333333	118.52871666666667
1487613918	32.117783333333335	118.54346666666667
1487613931	32.15251333333333	118.52871666666667
1487613949	32.117783333333335	118.54346666666667
1487613962	32.15251333333333	118.52871666666667
1487613990	32.117783333333335	118.54346666666667
1487613992	32.15251333333333	118.52871666666667
1487614021	32.117783333333335	118.54346666666667
1487614057	32.117783333333335	118.54346666666667
1487614088	32.117783333333335	118.54346666666667
1487614124	32.117783333333335	118.54346666666667
1487614160	32.117783333333335	118.54346666666667
1487614191	32.117783333333335	118.54346666666667
1487616706	32.15267333333334	118.52855166666669
1487616707	32.12772833333334	118.53435833333333
1487616737	32.126875000000005	118.53532666666666
1487616737	32.15271499999999	118.52855666666667
1487616767	32.15271333333333	118.52854666666666
1487616768	32.126875000000005	118.535335
1487616797	32.15271333333333	118.52854666666666
1487616798	32.126875000000005	118.535335
1487616828	32.126875000000005	118.535335
1487616828	32.15271333333333	118.52854666666666
1487616831	32.11788333333333	118.54355333333334
1487616859	32.126875000000005	118.535335
1487616859	32.15271333333333	118.52854666666666
1487616862	32.11786333333334	118.54346166666667
1487616889	32.126875000000005	118.535335
1487616889	32.15271333333333	118.52854666666666
1487616893	32.11784333333333	118.54347166666666
1487616920	32.126875000000005	118.535335
1487616920	32.15271333333333	118.52854666666666
1487616924	32.11784333333333	118.54347166666666
1487616950	32.126875000000005	118.535335
1487616950	32.15271333333333	118.52854666666666
1487616955	32.11784333333333	118.54347166666666
1487616980	32.126875000000005	118.535335
1487616980	32.15271333333333	118.52854666666666
1487616986	32.11784333333333	118.54347166666666
1487617011	32.126875000000005	118.535335
1487617012	32.15271333333333	118.52854666666666
1487617027	32.11784333333333	118.54347166666666
1487617042	32.126315	118.53514166666668
1487617042	32.15271333333333	118.52854666666666
1487617072	32.126315	118.53514166666668
1487617073	32.15271333333333	118.52854666666666
1487617102	32.125859999999996	118.53504
1487617103	32.15271333333333	118.52854666666666
1487617133	32.125859999999996	118.53504
1487617133	32.15271333333333	118.52854666666666
1487617152	32.11783333333334	118.54345833333333
1487617163	32.125859999999996	118.53504
1487617165	32.15271333333333	118.52854666666666
1487617194	32.125859999999996	118.53504
1487617195	32.15271333333333	118.52854666666666
1487617218	32.11754	118.54353
1487617224	32.125859999999996	118.53504
1487617226	32.15271333333333	118.52854666666666
1487617254	32.12573166666667	118.53498999999998
1487617256	32.15271333333333	118.52854666666666
1487617274	32.116886666666666	118.54412166666667
1487617285	32.12540166666667	118.53492666666668
1487617286	32.15271333333333	118.52854666666666
1487617304	32.116951666666665	118.54419000000001
1487617316	32.12540166666667	118.53492666666668
1487617318	32.15271333333333	118.52854666666666
1487617340	32.11714333333334	118.54396166666666
1487617346	32.12540166666667	118.53492666666668
1487617348	32.15271333333333	118.52854666666666
1487617376	32.12540166666667	118.53492666666668
1487617379	32.15271333333333	118.52854666666666
1487617382	32.117378333333335	118.54375666666668
1487617407	32.12540166666667	118.53492666666668
1487617409	32.15271333333333	118.52854666666666
1487617423	32.11750833333333	118.54370333333333
1487617437	32.12540166666667	118.53492666666668
1487617439	32.15271333333333	118.52854666666666
1487617454	32.11751833333334	118.54369333333334
1487617468	32.12540166666667	118.53492666666668
1487617471	32.15271333333333	118.52854666666666
1487617485	32.11751833333334	118.54369333333334
1487617498	32.12540166666667	118.53492666666668
1487617502	32.15271333333333	118.52854666666666
1487617516	32.11751833333334	118.54369333333334
1487617528	32.12540166666667	118.53492666666668
1487617532	32.15271333333333	118.52854666666666
1487617547	32.11751833333334	118.54369333333334
1487617559	32.12540166666667	118.53492666666668
1487617562	32.15271333333333	118.52854666666666
1487617578	32.11751833333334	118.54369333333334
1487617589	32.12540166666667	118.53492666666668
1487617593	32.15271333333333	118.52854666666666
1487617619	32.11762	118.54346333333334
1487617655	32.11763833333334	118.54347833333334
1487617686	32.11770666666666	118.54354333333335
1487617717	32.11770666666666	118.54354333333335
1487620307	32.152645	118.52861
1487620308	32.124808333333334	118.53478666666666
1487620337	32.152593333333336	118.52855166666669
1487620338	32.12397333333333	118.53464333333335
1487620368	32.123979999999996	118.53460500000001
1487620368	32.1526	118.52855
1487620388	32.11872666666667	118.54576
1487620398	32.15263	118.52854833333335
1487620399	32.123955	118.534615
1487620418	32.118264999999994	118.54601666666667
1487620428	32.15263	118.52854833333335
1487620429	32.123958333333334	118.53469166666667
1487620449	32.11824333333333	118.54603
1487620460	32.12394666666667	118.53470166666666
1487620460	32.15263	118.52854833333335
1487620479	32.11824333333333	118.54603
1487620490	32.15263	118.52854833333335
1487620491	32.123934999999996	118.53469666666666
1487620509	32.11824333333333	118.54603
1487620521	32.123934999999996	118.53469666666666
1487620521	32.15263	118.52854833333335
1487620540	32.11824333333333	118.54603
1487620551	32.123934999999996	118.53469666666666
1487620551	32.15263	118.52854833333335
1487620570	32.11824333333333	118.54603
1487620581	32.123934999999996	118.53469666666666
1487620581	32.15263	118.52854833333335
1487620600	32.11824333333333	118.54603
1487620612	32.123934999999996	118.53469666666666
1487620613	32.15263	118.52854833333335
1487620631	32.11824333333333	118.54603
1487620643	32.123934999999996	118.53469666666666
1487620643	32.15263	118.52854833333335
1487620661	32.118125	118.54605666666666
1487620673	32.123913333333334	118.53468833333334
1487620674	32.15263	118.52854833333335
1487620692	32.118125	118.54605666666666
1487620703	32.12390333333334	118.53468999999998
1487620704	32.15263	118.52854833333335
1487620722	32.118125	118.54605666666666
1487620734	32.12390333333334	118.53468999999998
1487620734	32.15263	118.52854833333335
1487620752	32.118125	118.54605666666666
1487620765	32.123886666666664	118.534685
1487620766	32.15263	118.52854833333335
1487620783	32.118125	118.54605666666666
1487620795	32.12385833333334	118.53468333333333
1487620796	32.15263	118.52854833333335
1487620813	32.118125	118.54605666666666
1487620825	32.12385833333334	118.53468333333333
1487620827	32.15263	118.52854833333335
1487620844	32.118125	118.54605666666666
1487620856	32.12385833333334	118.53468333333333
1487620857	32.15263	118.52854833333335
1487620874	32.118125	118.54605666666666
1487620886	32.12385833333334	118.53468333333333
1487620887	32.15263	118.52854833333335
1487620904	32.118125	118.54605666666666
1487620917	32.123826666666666	118.53464166666666
1487620919	32.15263	118.52854833333335
1487620935	32.118125	118.54605666666666
1487620947	32.123826666666666	118.53464166666666
1487620949	32.15264666666667	118.52854833333335
1487620965	32.118125	118.54605666666666
1487620978	32.123826666666666	118.53464166666666
1487620980	32.15264666666667	118.52854833333335
1487620995	32.118125	118.54605666666666
1487621008	32.123826666666666	118.53464166666666
1487621010	32.15264666666667	118.52854833333335
1487621026	32.118125	118.54605666666666
1487621038	32.123738333333336	118.53466666666667
1487621040	32.15264666666667	118.52854833333335
1487621056	32.118125	118.54605666666666
1487621069	32.123738333333336	118.53466666666667
1487621072	32.15264666666667	118.52854833333335
1487621086	32.118125	118.54605666666666
1487621100	32.123738333333336	118.53466666666667
1487621102	32.15264666666667	118.52854833333335
1487621117	32.118125	118.54605666666666
1487621130	32.123738333333336	118.53466666666667
1487621133	32.15264666666667	118.52854833333335
1487621147	32.118125	118.54605666666666
1487621160	32.123738333333336	118.53466666666667
1487621163	32.15264666666667	118.52854833333335
1487621178	32.118125	118.54605666666666
1487621191	32.123738333333336	118.53466666666667
1487621193	32.15264666666667	118.52854833333335
1487621208	32.118125	118.54605666666666
1487621238	32.118125	118.54605666666666
1487621269	32.118125	118.54605666666666
1487623906	32.11778666666667	118.54621166666666
1487623906	32.15459333333333	118.53526333333333
1487623907	32.12462166666667	118.54009333333333
1487623936	32.15472666666667	118.53569333333334
1487623937	32.12237666666667	118.53825
1487623937	32.11785833333333	118.546215
1487623967	32.12128	118.537325
1487623967	32.117848333333335	118.54622166666668
1487623967	32.15477833333333	118.53577500000002
1487623997	32.117848333333335	118.54622166666668
1487623997	32.15477	118.535815
1487623998	32.11978666666666	118.53899833333335
1487624027	32.117848333333335	118.54622166666668
1487624027	32.15477333333333	118.53586500000002
1487624028	32.118485	118.54103333333333
1487624058	32.117848333333335	118.54622166666668
1487624059	32.11826166666666	118.54314666666666
1487624059	32.15478666666667	118.53605166666667
1487624088	32.117848333333335	118.54622166666668
1487624090	32.15478666666667	118.53605166666667
1487624119	32.117848333333335	118.54622166666668
1487624120	32.15478666666667	118.53605166666667
1487624149	32.117848333333335	118.54622166666668
1487624150	32.15491833333333	118.53655166666667
1487624172	32.11776	118.54333333333334
1487624179	32.117848333333335	118.54622166666668
1487624180	32.15491833333333	118.53655166666667
1487624210	32.117848333333335	118.54622166666668
1487624212	32.15517166666667	118.53685500000002
1487624228	32.11783166666667	118.54335999999999
1487624240	32.117848333333335	118.54622166666668
1487624243	32.155245	118.53684333333334
1487624263	32.1178	118.54333833333334
1487624271	32.117848333333335	118.54622166666668
1487624273	32.15539833333333	118.53683333333332
1487624294	32.11780666666667	118.543355
1487624301	32.117848333333335	118.54622166666668
1487624303	32.155595	118.53685166666668
1487624331	32.117848333333335	118.54622166666668
1487624334	32.155674999999995	118.53684666666668
1487624340	32.11780666666667	118.543355
1487624362	32.117848333333335	118.54622166666668
1487624365	32.15596	118.53680166666666
1487624374	32.11780666666667	118.543355
1487624392	32.117848333333335	118.54622166666668
1487624396	32.156258333333334	118.536785
1487624415	32.11780666666667	118.543355
1487624422	32.117848333333335	118.54622166666668
1487624426	32.156346666666664	118.53681499999999
1487624446	32.11780666666667	118.543355
1487624449	32.11780666666667	118.543355
1487624453	32.11781333333333	118.54624333333335
1487624455	32.11780666666667	118.543355
1487624456	32.156483333333334	118.53683000000001
1487624459	32.11780666666667	118.543355
1487624460	32.11780666666667	118.543355
1487624462	32.11780666666667	118.543355
1487624466	32.11780666666667	118.543355
1487624473	32.11780666666667	118.543355
1487624477	32.11780666666667	118.543355
1487624480	32.11780666666667	118.543355
1487624483	32.11781333333333	118.54624333333335
1487624484	32.11780666666667	118.543355
1487624487	32.15687833333333	118.53676666666667
1487624488	32.11780666666667	118.543355
1487624491	32.11780666666667	118.543355
1487624493	32.11780666666667	118.543355
1487624495	32.11780666666667	118.543355
1487624497	32.11780666666667	118.543355
1487624499	32.11780666666667	118.543355
1487624501	32.11780666666667	118.543355
1487624502	32.11780666666667	118.543355
1487624504	32.11780666666667	118.543355
1487624506	32.11780666666667	118.543355
1487624508	32.11780666666667	118.543355
1487624512	32.11780666666667	118.543355
1487624514	32.11781333333333	118.54624333333335
1487624515	32.11780666666667	118.543355
1487624516	32.11780666666667	118.543355
1487624518	32.11780666666667	118.543355
1487624519	32.11780666666667	118.543355
1487624519	32.156911666666666	118.53676666666667
1487624521	32.11780666666667	118.543355
1487624523	32.11780666666667	118.543355
1487624525	32.11780666666667	118.543355
1487624526	32.11780666666667	118.543355
1487624544	32.11781333333333	118.54624333333335
1487624549	32.15747666666667	118.53648
1487624574	32.11781333333333	118.54624333333335
1487624575	32.11780666666667	118.543355
1487624579	32.157696666666666	118.53646166666667
1487624605	32.11781333333333	118.54624333333335
1487624610	32.157720000000005	118.53645
1487624635	32.11781333333333	118.54624333333335
1487624640	32.157720000000005	118.53645
1487624666	32.117785000000005	118.54626166666667
1487624671	32.11780666666667	118.543355
1487624672	32.157720000000005	118.53645
1487624696	32.11777333333334	118.54627
1487624702	32.157720000000005	118.53645
1487624705	32.11780666666667	118.543355
1487624726	32.11777333333334	118.54627
1487624732	32.157720000000005	118.53645
1487624757	32.11777333333334	118.54627
1487624763	32.11780666666667	118.543355
1487624763	32.157720000000005	118.53645
1487624787	32.11777333333334	118.54627
1487624793	32.15781333333334	118.53643333333333
1487624797	32.11780666666667	118.543355
1487624849	32.11780666666667	118.543355
1487624881	32.11780666666667	118.543355
1487624911	32.11780666666667	118.543355
1487624942	32.11780666666667	118.543355
1487624981	32.11780666666667	118.543355
1487625012	32.11780666666667	118.543355
1487626247	32.11772166666666	118.54329333333332
1487626288	32.11772166666666	118.54329333333332
1487626324	32.11772166666666	118.54329333333332
1487626359	32.11776833333333	118.54328166666667
1487626397	32.117846666666665	118.54331333333333
1487626433	32.11781666666666	118.54333833333334
1487626465	32.11781666666666	118.54333833333334
1487626500	32.117801666666665	118.543355
1487626541	32.11779166666667	118.54336166666666
1487626573	32.11779166666667	118.54336166666666
1487626604	32.11779166666667	118.54336166666666
1487626645	32.11779166666667	118.54336166666666
1487626676	32.11771666666667	118.54340166666667
1487626718	32.117675	118.54343333333333
1487626762	32.117665	118.54343500000002
1487626797	32.117665	118.54343500000002
1487626840	32.117665	118.54343500000002
1487626871	32.117665	118.54343500000002
1487626902	32.117665	118.54343500000002
1487626933	32.11765833333333	118.54346500000001
1487626964	32.11765833333333	118.54346500000001
1487626995	32.11769	118.54348
1487627026	32.11768	118.54347166666666
1487627059	32.11768	118.54347166666666
1487627090	32.11768	118.54347166666666
1487627121	32.117635	118.54341833333335
1487627152	32.11764166666667	118.54342333333334
1487627183	32.11764166666667	118.54342333333334
1487627214	32.11764166666667	118.54342333333334
1487627537	32.20055166666667	118.56927499999999
1487627559	32.11791166666667	118.54358166666667
1487627567	32.200498333333336	118.57049
1487627589	32.11779666666666	118.54355333333334
1487627597	32.19956166666667	118.573895
1487627620	32.117801666666665	118.54356000000001
1487627628	32.198973333333335	118.57753166666667
1487627651	32.117783333333335	118.54354
1487627660	32.197336666666665	118.58020499999999
1487627683	32.117783333333335	118.54354
1487627690	32.19560666666666	118.58065166666665
1487627720	32.19352666666667	118.58181333333332
1487627728	32.117783333333335	118.54354
1487627751	32.191628333333334	118.58314
1487627768	32.117783333333335	118.54354
1487627781	32.19149166666667	118.58459999999998
1487627805	32.117783333333335	118.54354
1487627806	32.117783333333335	118.54354
1487627813	32.19051833333333	118.58263000000001
1487627817	32.117783333333335	118.54354
1487627819	32.117783333333335	118.54354
1487627823	32.117783333333335	118.54354
1487627825	32.117783333333335	118.54354
1487627831	32.117783333333335	118.54354
1487627833	32.117783333333335	118.54354
1487627836	32.117783333333335	118.54354
1487627838	32.117783333333335	118.54354
1487627843	32.18951833333333	118.58010666666665
1487627846	32.117783333333335	118.54354
1487627849	32.117783333333335	118.54354
1487627851	32.117783333333335	118.54354
1487627853	32.117783333333335	118.54354
1487627865	32.117783333333335	118.54354
1487627867	32.117783333333335	118.54354
1487627873	32.117783333333335	118.54354
1487627874	32.187275	118.57589833333334
1487627886	32.117783333333335	118.54354
1487627888	32.117783333333335	118.54354
1487627898	32.117783333333335	118.54354
1487627900	32.117783333333335	118.54354
1487627904	32.18241666666667	118.57193000000001
1487627913	32.117783333333335	118.54354
1487627916	32.11795666666667	118.54352666666666
1487627918	32.11795666666667	118.54352666666666
1487627920	32.11795666666667	118.54352666666666
1487627922	32.11795666666667	118.54352666666666
1487627930	32.11795666666667	118.54352666666666
1487627934	32.176991666666666	118.56827999999999
1487627938	32.11795666666667	118.54352666666666
1487627946	32.11795666666667	118.54352666666666
1487627949	32.11795666666667	118.54352666666666
1487627953	32.11795666666667	118.54352666666666
1487627966	32.17161333333333	118.56400333333335
1487627985	32.117846666666665	118.54357666666668
1487627997	32.16706	118.55999166666668
1487628015	32.117846666666665	118.54357666666668
1487628027	32.16289833333334	118.55623166666668
1487628047	32.117846666666665	118.54357666666668
1487628057	32.159173333333335	118.55089166666667
1487628085	32.117846666666665	118.54357666666668
1487628088	32.158045	118.54990166666667
1487628120	32.15367333333334	118.55321
1487628131	32.117846666666665	118.54357666666668
1487628150	32.14827833333333	118.55771333333333
1487628162	32.117846666666665	118.54357666666668
1487628181	32.145828333333334	118.560345
1487628192	32.117846666666665	118.54357666666668
1487628211	32.14430166666667	118.56133166666665
1487628224	32.117846666666665	118.54357666666668
1487628241	32.14318166666667	118.56234333333332
1487628255	32.117846666666665	118.54357666666668
1487628273	32.14113	118.56379
1487628285	32.117846666666665	118.54357666666668
1487628304	32.139120000000005	118.56524333333333
1487628321	32.117846666666665	118.54357666666668
1487628334	32.136875	118.56648666666666
1487628352	32.117846666666665	118.54357666666668
1487628364	32.13525333333334	118.56738666666666
1487628395	32.13262333333333	118.56853833333335
1487628491	32.117846666666665	118.54357666666668
1487628521	32.117846666666665	118.54357666666668
1487628552	32.117846666666665	118.54357666666668
1487628583	32.117775	118.54354833333333
1487628613	32.11772	118.54350333333332
1487628647	32.11769	118.54359166666667
1487628679	32.11764	118.54350166666667
1487628710	32.11764	118.54350166666667
1487628741	32.11764	118.54350166666667
1487628778	32.11765666666667	118.54350666666666
1487629704	32.11767333333333	118.54316833333333
1487629736	32.11767833333333	118.54318833333333
1487629767	32.11767833333333	118.54318833333333
1487629798	32.11767833333333	118.54318833333333
1487629832	32.11767833333333	118.54318833333333
1487629863	32.117666666666665	118.54325333333333
1487629895	32.11765666666667	118.54330499999999
1487629927	32.11768333333334	118.54329166666666
1487629957	32.11768166666666	118.54331333333333
1487629989	32.11768166666666	118.54331333333333
1487630021	32.11768166666666	118.54331333333333
1487630062	32.117666666666665	118.54327166666666
1487630110	32.11781	118.54336166666666
1487630156	32.118235	118.54329333333332
1487630187	32.118235	118.54329333333332
1487630217	32.11821166666667	118.54321833333333
1487630248	32.118230000000004	118.54307166666668
1487630278	32.118255	118.54294
1487630309	32.11832833333334	118.542665
1487630339	32.118320000000004	118.54232500000002
1487630370	32.118291666666664	118.54209
1487630400	32.118215	118.54169666666667
1487630430	32.118336666666664	118.54156166666668
1487630461	32.11845666666667	118.54114999999999
1487630491	32.11848166666667	118.54086833333334
1487630522	32.11859333333334	118.54046666666666
1487630552	32.11868833333333	118.54007333333332
1487630582	32.11900333333333	118.53976499999999
1487630613	32.11929666666666	118.53949666666668
1487631044	32.117715	118.54376833333332
1487631075	32.117715	118.54376833333332
1487631105	32.11771833333333	118.54366666666668
1487631136	32.11771833333333	118.54366666666668
1487631168	32.11771833333333	118.54366666666668
1487631199	32.11771833333333	118.54366666666668
1487631230	32.11771833333333	118.54366666666668
1487631261	32.11771833333333	118.54366666666668
1487631291	32.11771833333333	118.54366666666668
1487631323	32.11771833333333	118.54366666666668
1487631354	32.11771833333333	118.54366666666668
1487631385	32.11771833333333	118.54366666666668
1487631415	32.11771833333333	118.54366666666668
1487631446	32.11771833333333	118.54366666666668
1487631478	32.11771833333333	118.54366666666668
1487631509	32.11771833333333	118.54366666666668
1487631539	32.11771833333333	118.54366666666668
1487631570	32.117745	118.54365333333332
1487631601	32.117745	118.54365333333332
1487631632	32.117745	118.54365333333332
1487631663	32.117745	118.54365333333332
1487631695	32.117745	118.54365333333332
1487631736	32.117745	118.54365333333332
1487631769	32.117756666666665	118.54360666666668
1487631822	32.117756666666665	118.54360666666668
1487631886	32.117756666666665	118.54360666666668
1487631931	32.117756666666665	118.54360666666668
1487631987	32.117756666666665	118.54360666666668
1487632053	32.117756666666665	118.54360666666668
1487632984	32.11804166666666	118.54322166666667
1487633020	32.118008333333336	118.54312499999999
1487633051	32.118008333333336	118.54312499999999
1487633082	32.118008333333336	118.54312499999999
1487633113	32.118008333333336	118.54312499999999
1487633144	32.118008333333336	118.54312499999999
1487633175	32.118008333333336	118.54312499999999
1487633206	32.118008333333336	118.54312499999999
1487633237	32.118008333333336	118.54312499999999
1487633269	32.118008333333336	118.54312499999999
1487633304	32.118008333333336	118.54312499999999
1487633335	32.118008333333336	118.54312499999999
1487633366	32.117965000000005	118.54317833333334
1487633397	32.117965000000005	118.54317833333334
1487633429	32.117965000000005	118.54317833333334
1487633460	32.117965000000005	118.54317833333334
1487633490	32.117965000000005	118.54317833333334
1487633521	32.117965000000005	118.54317833333334
1487633553	32.117965000000005	118.54317833333334
1487633585	32.117965000000005	118.54317833333334
1487633615	32.117965000000005	118.54317833333334
1487633647	32.117965000000005	118.54317833333334
1487633683	32.117965000000005	118.54317833333334
1487633714	32.117965000000005	118.54317833333334
1487633746	32.117965000000005	118.54317833333334
1487633776	32.117965000000005	118.54317833333334
1487633812	32.117965000000005	118.54317833333334
1487633843	32.117965000000005	118.54317833333334
1487633884	32.117965000000005	118.54317833333334
1487634475	32.11770833333333	118.54352333333333
1487634506	32.1177	118.54353333333331
1487634538	32.11770166666667	118.543535
1487634569	32.11770166666667	118.543535
1487634601	32.11770166666667	118.543535
1487634636	32.11771	118.54354666666669
1487634667	32.11771	118.54354666666669
1487634697	32.11771	118.54354666666669
1487634729	32.11771	118.54354666666669
1487634765	32.11771	118.54354666666669
1487634808	32.11771	118.54354666666669
1487634854	32.11771	118.54354666666669
1487634890	32.11771	118.54354666666669
1487634927	32.11771	118.54354666666669
1487634962	32.11771	118.54354666666669
1487634994	32.11771	118.54354666666669
1487635025	32.11771	118.54354666666669
1487635056	32.11771	118.54354666666669
1487635086	32.11771	118.54354666666669
1487635117	32.11771	118.54354666666669
1487635149	32.11771	118.54354666666669
1487635182	32.11771	118.54354666666669
1487635213	32.11771	118.54354666666669
1487635243	32.11771	118.54354666666669
1487635274	32.11771	118.54354666666669
1487635306	32.11771	118.54354666666669
1487635337	32.11772166666666	118.54356333333332
1487635368	32.11772166666666	118.54356333333332
1487635400	32.11772166666666	118.54356333333332
1487635432	32.117738333333335	118.54358666666667
1487636399	32.11792666666667	118.54326666666665
1487636430	32.11787833333334	118.54334833333333
1487636461	32.11781166666666	118.543385
1487636492	32.11779333333333	118.54337
1487636523	32.11779333333333	118.54337
1487636555	32.11779333333333	118.54337
1487636556	32.11779333333333	118.54337
1487636558	32.11779333333333	118.54337
1487636560	32.11779333333333	118.54337
1487636562	32.11779333333333	118.54337
1487636565	32.11779333333333	118.54337
1487636568	32.11779333333333	118.54337
1487636571	32.11779333333333	118.54337
1487636573	32.11779333333333	118.54337
1487636574	32.11779333333333	118.54337
1487636576	32.11779333333333	118.54337
1487636578	32.11779333333333	118.54337
1487636580	32.11779333333333	118.54337
1487636582	32.11779333333333	118.54337
1487636584	32.11779333333333	118.54337
1487636588	32.11779333333333	118.54337
1487636589	32.11779333333333	118.54337
1487636591	32.11779333333333	118.54337
1487636593	32.11779333333333	118.54337
1487636595	32.11779333333333	118.54337
1487636597	32.11779333333333	118.54337
1487636599	32.11779333333333	118.54337
1487636600	32.11779333333333	118.54337
1487636602	32.11779333333333	118.54337
1487636604	32.11779333333333	118.54337
1487636607	32.11779333333333	118.54337
1487636609	32.11779333333333	118.54337
1487636611	32.11779333333333	118.54337
1487636612	32.11779333333333	118.54337
1487636614	32.11779333333333	118.54337
1487636616	32.11779333333333	118.54337
1487636648	32.11779333333333	118.54337
1487636679	32.11779333333333	118.54337
1487636710	32.11776833333333	118.54335
1487636742	32.11776833333333	118.54335
1487636773	32.11776833333333	118.54335
1487636804	32.11776833333333	118.54335
1487636835	32.11776833333333	118.54335
1487636866	32.117740000000005	118.54332833333335
1487636896	32.117740000000005	118.54332833333335
1487636928	32.117740000000005	118.54332833333335
1487636959	32.117740000000005	118.54332833333335
1487636990	32.117740000000005	118.54332833333335
1487637021	32.117740000000005	118.54332833333335
1487637052	32.117740000000005	118.54332833333335
1487637084	32.117740000000005	118.54332833333335
1487637114	32.117740000000005	118.54332833333335
1487637145	32.117740000000005	118.54332833333335
1487637176	32.117740000000005	118.54332833333335
1487637209	32.117740000000005	118.54332833333335
1487637242	32.117740000000005	118.54332833333335
1487637273	32.117740000000005	118.54332833333335
1487637305	32.117740000000005	118.54332833333335
1487637336	32.117740000000005	118.54332833333335
1487637367	32.117740000000005	118.54332833333335
1487638435	32.117736666666666	118.54345166666666
1487638456	32.117803333333335	118.54346166666667
1487638466	32.117765	118.54344333333331
1487638487	32.117803333333335	118.54346166666667
1487638496	32.11776666666666	118.54344666666665
1487638519	32.117803333333335	118.54346166666667
1487638527	32.11776666666666	118.54344666666665
1487638550	32.117803333333335	118.54346166666667
1487638558	32.11776666666666	118.54344666666665
1487638581	32.117803333333335	118.54346166666667
1487638591	32.11776666666666	118.54344666666665
1487638612	32.117803333333335	118.54346166666667
1487638622	32.11776666666666	118.54344666666665
1487638643	32.117803333333335	118.54346166666667
1487638653	32.11776666666666	118.54344666666665
1487638675	32.117803333333335	118.54346166666667
1487638684	32.11776666666666	118.54344666666665
1487638705	32.117803333333335	118.54346166666667
1487638714	32.11776666666666	118.54344666666665
1487638736	32.117803333333335	118.54346166666667
1487638749	32.11776666666666	118.54344666666665
1487638780	32.11776666666666	118.54344666666665
1487638810	32.11776666666666	118.54344666666665
1487638841	32.11776666666666	118.54344666666665
1487638872	32.11776666666666	118.54344666666665
1487638905	32.11776666666666	118.54344666666665
1487638935	32.11776666666666	118.54344666666665
1487638966	32.11776666666666	118.54344666666665
1487638997	32.11776666666666	118.54344666666665
1487639028	32.11776666666666	118.54344666666665
1487639051	32.116503333333334	118.54347000000001
1487639053	32.116503333333334	118.54347000000001
1487639055	32.116503333333334	118.54347000000001
1487639057	32.116503333333334	118.54347000000001
1487639058	32.116503333333334	118.54347000000001
1487639060	32.11776666666666	118.54344666666665
1487639060	32.116503333333334	118.54347000000001
1487639062	32.116503333333334	118.54347000000001
1487639064	32.116503333333334	118.54347000000001
1487639067	32.116503333333334	118.54347000000001
1487639069	32.116503333333334	118.54347000000001
1487639071	32.116503333333334	118.54347000000001
1487639073	32.116503333333334	118.54347000000001
1487639075	32.116503333333334	118.54347000000001
1487639077	32.116503333333334	118.54347000000001
1487639079	32.116503333333334	118.54347000000001
1487639081	32.116503333333334	118.54347000000001
1487639083	32.116503333333334	118.54347000000001
1487639085	32.116503333333334	118.54347000000001
1487639087	32.116503333333334	118.54347000000001
1487639090	32.116503333333334	118.54347000000001
1487639091	32.11776666666666	118.54344666666665
1487639098	32.116503333333334	118.54347000000001
1487639100	32.116503333333334	118.54347000000001
1487639102	32.116503333333334	118.54347000000001
1487639104	32.116503333333334	118.54347000000001
1487639113	32.116503333333334	118.54347000000001
1487639116	32.116503333333334	118.54347000000001
1487639119	32.116503333333334	118.54347000000001
1487639120	32.116503333333334	118.54347000000001
1487639122	32.11776666666666	118.54344666666665
1487639127	32.116503333333334	118.54347000000001
1487639129	32.116503333333334	118.54347000000001
1487639131	32.116503333333334	118.54347000000001
1487639153	32.11776666666666	118.54344666666665
1487639173	32.116503333333334	118.54347000000001
1487639183	32.11776666666666	118.54344666666665
1487639210	32.116503333333334	118.54347000000001
1487639216	32.11776666666666	118.54344666666665
1487639242	32.116503333333334	118.54347000000001
1487639247	32.11776666666666	118.54344666666665
1487639273	32.116503333333334	118.54347000000001
1487639278	32.11776666666666	118.54344666666665
1487639308	32.11776666666666	118.54344666666665
1487639309	32.116503333333334	118.54347000000001
1487639340	32.11776666666666	118.54344666666665
1487639340	32.116503333333334	118.54347000000001
1487639377	32.116503333333334	118.54347000000001
1487641385	32.117925	118.54267999999999
1487641416	32.11785166666667	118.54313333333333
1487641418	32.117846666666665	118.54315999999999
1487641420	32.11784333333333	118.543175
1487641422	32.11784333333333	118.543175
1487641425	32.11784333333333	118.543175
1487641427	32.11784333333333	118.543175
1487641429	32.11784333333333	118.543175
1487641432	32.11784333333333	118.543175
1487641434	32.11784333333333	118.543175
1487641435	32.11784333333333	118.543175
1487641438	32.11784333333333	118.543175
1487641440	32.11784333333333	118.543175
1487641443	32.11784333333333	118.543175
1487641445	32.11784333333333	118.543175
1487641448	32.11784333333333	118.543175
1487641450	32.11784333333333	118.543175
1487641452	32.11784333333333	118.543175
1487641457	32.11784333333333	118.543175
1487641459	32.11784333333333	118.543175
1487641461	32.11784333333333	118.543175
1487641462	32.11784333333333	118.543175
1487641464	32.11784333333333	118.543175
1487641467	32.11784333333333	118.543175
1487641469	32.11784333333333	118.543175
1487641471	32.11784333333333	118.543175
1487641475	32.11784333333333	118.543175
1487641477	32.11784333333333	118.543175
1487641480	32.11784333333333	118.543175
1487641482	32.11784333333333	118.543175
1487641483	32.11784333333333	118.543175
1487641485	32.11784333333333	118.543175
1487641518	32.11784333333333	118.543175
1487641549	32.11784333333333	118.543175
1487641580	32.11784333333333	118.543175
1487641613	32.11784333333333	118.543175
1487641644	32.11784333333333	118.543175
1487641675	32.11784333333333	118.543175
1487641706	32.11784333333333	118.543175
1487641737	32.11784333333333	118.543175
1487641770	32.11784333333333	118.543175
1487641800	32.11784333333333	118.543175
1487641831	32.11784333333333	118.543175
1487641862	32.11784333333333	118.543175
1487641893	32.11784333333333	118.543175
1487641918	32.11756166666667	118.54352833333333
1487641926	32.11784333333333	118.543175
1487641949	32.11773	118.54352333333333
1487641957	32.11783833333333	118.54323333333332
1487641980	32.11773	118.54352333333333
1487641988	32.11783833333333	118.54323333333332
1487642018	32.11773	118.54352333333333
1487642019	32.11783833333333	118.54323333333332
1487642049	32.11772	118.54355833333332
1487642050	32.11783833333333	118.54323333333332
1487642082	32.11772	118.54355833333332
1487642083	32.11783833333333	118.54323333333332
1487642114	32.11783833333333	118.54323333333332
1487642114	32.11772	118.54355833333332
1487642145	32.11783833333333	118.54323333333332
1487642145	32.11772	118.54355833333332
1487642175	32.11783833333333	118.54323333333332
1487642177	32.11772	118.54355833333332
1487642206	32.11783833333333	118.54323333333332
1487642208	32.11772	118.54355833333332
1487642239	32.11783833333333	118.54323333333332
1487642245	32.11772	118.54355833333332
1487642270	32.11783833333333	118.54323333333332
1487642277	32.11772	118.54355833333332
1487642301	32.11783833333333	118.54323333333332
1487642314	32.11772	118.54355833333332
1487642332	32.11783833333333	118.54323333333332
1487642345	32.11772	118.54355833333332
1487642363	32.11783833333333	118.54323333333332
1487642377	32.11772	118.54355833333332
1487642410	32.11772	118.54355833333332
1487642441	32.11772	118.54355833333332
1487642472	32.11772	118.54355833333332
1487642503	32.11772	118.54355833333332
1487642535	32.11772	118.54355833333332
1487642568	32.11772	118.54355833333332
1487642601	32.11772	118.54355833333332
1487642632	32.11772	118.54355833333332
1487642664	32.11772	118.54355833333332
1487642695	32.11772	118.54355833333332
1487642731	32.11772	118.54355833333332
1487642767	32.11772	118.54355833333332
1487642807	32.11772	118.54355833333332
1487642838	32.11772	118.54355833333332
1487642876	32.11772	118.54355833333332
1487645097	32.11783833333333	118.54312166666665
1487645128	32.11777	118.543425
1487645159	32.11776	118.54344
1487645190	32.11776	118.54344
1487645192	32.11776	118.54344
1487645194	32.11776	118.54344
1487645196	32.11776	118.54344
1487645198	32.11776	118.54344
1487645200	32.11776	118.54344
1487645201	32.11776	118.54344
1487645203	32.11776	118.54344
1487645206	32.11776	118.54344
1487645208	32.11776	118.54344
1487645209	32.11776	118.54344
1487645212	32.11776	118.54344
1487645214	32.11776	118.54344
1487645216	32.11776	118.54344
1487645218	32.11776	118.54344
1487645220	32.11776	118.54344
1487645222	32.11776	118.54344
1487645228	32.11776	118.54344
1487645230	32.11776	118.54344
1487645233	32.11776	118.54344
1487645235	32.11776	118.54344
1487645237	32.11776	118.54344
1487645239	32.11776	118.54344
1487645246	32.11776	118.54344
1487645248	32.11776	118.54344
1487645251	32.11776	118.54344
1487645252	32.11776	118.54344
1487645254	32.11776	118.54344
1487645256	32.11776	118.54344
1487645258	32.11776	118.54344
1487645261	32.11776	118.54344
1487645294	32.11776	118.54344
1487645327	32.11776	118.54344
1487645360	32.11776	118.54344
1487645391	32.11776	118.54344
1487645423	32.11776	118.54344
1487645454	32.11776	118.54344
1487645487	32.11776	118.54344
1487645518	32.11776	118.54344
1487645545	32.11779333333333	118.54341333333332
1487645550	32.11776	118.54344
1487645579	32.11779333333333	118.54341333333332
1487645586	32.11776	118.54344
1487645609	32.11779333333333	118.54341333333332
1487645616	32.11776	118.54344
1487645640	32.11779333333333	118.54341333333332
1487645649	32.11776	118.54344
1487645673	32.11779333333333	118.54341333333332
1487645680	32.11776	118.54344
1487645704	32.11779833333333	118.54337500000001
1487645712	32.11776	118.54344
1487645735	32.11780666666667	118.54332000000001
1487645743	32.11774166666667	118.54356666666666
1487645771	32.11781	118.54330166666665
1487645775	32.11774166666667	118.54356666666666
1487645807	32.11774166666667	118.54356666666666
1487645808	32.11781	118.54330166666665
1487645838	32.11774166666667	118.54356666666666
1487645847	32.11781	118.54330166666665
1487645869	32.11774166666667	118.54356666666666
1487645878	32.11781	118.54330166666665
1487645900	32.11774166666667	118.54356666666666
1487645909	32.11781	118.54330166666665
1487645933	32.11774166666667	118.54356666666666
1487645940	32.11781	118.54330166666665
1487645966	32.11774166666667	118.54356666666666
1487645973	32.11781	118.54330166666665
1487645997	32.11774166666667	118.54356666666666
1487646005	32.11781	118.54330166666665
1487646028	32.11774166666667	118.54356666666666
1487646037	32.11781	118.54330166666665
1487646059	32.11774166666667	118.54356666666666
1487646068	32.117815	118.54327333333335
1487646090	32.11774166666667	118.54356666666666
1487646101	32.117815	118.54327333333335
1487646133	32.117815	118.54327333333335
1487646165	32.11781833333334	118.54324833333334
1487646196	32.11782	118.54323166666667
1487646228	32.117826666666666	118.54319500000001
1487646259	32.117835	118.54314166666667
1487646290	32.117835	118.54314166666667
1487646328	32.117835	118.54314166666667
1487646360	32.117835	118.54314166666667
1487646403	32.117835	118.54314166666667
1487646434	32.117835	118.54314166666667
1487646464	32.117835	118.54314166666667
1487648452	32.11777	118.54358166666667
1487648483	32.11778833333334	118.54347166666666
1487648514	32.11778833333334	118.543475
1487648545	32.11778833333334	118.543475
1487648576	32.11778833333334	118.543475
1487648609	32.11778833333334	118.543475
1487648640	32.11778833333334	118.543475
1487648671	32.11778833333334	118.543475
1487648702	32.11778833333334	118.543475
1487648705	32.11778833333334	118.543475
1487648707	32.11778833333334	118.543475
1487648708	32.11778833333334	118.543475
1487648710	32.11778833333334	118.543475
1487648712	32.11778833333334	118.543475
1487648714	32.11778833333334	118.543475
1487648717	32.11778833333334	118.543475
1487648718	32.11778833333334	118.543475
1487648720	32.11778833333334	118.543475
1487648722	32.11778833333334	118.543475
1487648724	32.11778833333334	118.543475
1487648727	32.11778833333334	118.543475
1487648730	32.11778833333334	118.543475
1487648732	32.11778833333334	118.543475
1487648734	32.11778833333334	118.543475
1487648736	32.11778833333334	118.543475
1487648738	32.11778833333334	118.543475
1487648740	32.11778833333334	118.543475
1487648743	32.11778833333334	118.543475
1487648745	32.11778833333334	118.543475
1487648747	32.11778833333334	118.543475
1487648749	32.11778833333334	118.543475
1487648751	32.11778833333334	118.543475
1487648753	32.11778833333334	118.543475
1487648755	32.11778833333334	118.543475
1487648757	32.11778833333334	118.543475
1487648758	32.11778833333334	118.543475
1487648760	32.11778833333334	118.543475
1487648762	32.11778833333334	118.543475
1487648764	32.11778833333334	118.543475
1487648797	32.11778833333334	118.543475
1487648830	32.11778833333334	118.543475
1487648861	32.11778833333334	118.543475
1487648892	32.11778833333334	118.543475
1487648923	32.11778833333334	118.543475
1487648954	32.11778833333334	118.543475
1487648987	32.11778833333334	118.543475
1487649018	32.11778833333334	118.543475
1487649050	32.11778833333334	118.543475
1487649081	32.11778833333334	118.543475
1487649112	32.11778833333334	118.543475
1487649145	32.11778833333334	118.543475
1487649175	32.11778833333334	118.543475
1487649177	32.117823333333334	118.543535
1487649206	32.11778833333334	118.543475
1487649208	32.117823333333334	118.543535
1487649237	32.11778833333334	118.543475
1487649240	32.117823333333334	118.543535
1487649268	32.11778833333334	118.543475
1487649271	32.117823333333334	118.543535
1487649301	32.11778833333334	118.543475
1487649303	32.117823333333334	118.543535
1487649332	32.11778833333334	118.543475
1487649334	32.117823333333334	118.543535
1487649363	32.11778833333334	118.543475
1487649365	32.117823333333334	118.543535
1487649394	32.11778833333334	118.543475
1487649406	32.117823333333334	118.543535
1487649424	32.11778833333334	118.543475
1487649437	32.117823333333334	118.543535
1487649470	32.11781833333334	118.54351
1487649504	32.11781833333334	118.54351
1487649535	32.11781833333334	118.54351
1487649567	32.11781833333334	118.54351
1487649599	32.11781833333334	118.54351
1487649637	32.11781833333334	118.54351
1487649672	32.11781833333334	118.54351
1487649708	32.11781833333334	118.54351
1487649740	32.11781833333334	118.54351
1487649771	32.11781833333334	118.54351
1487649807	32.11781833333334	118.54351
1487649838	32.11781833333334	118.54351
1487649869	32.11781833333334	118.54351
1487649900	32.11781833333334	118.54351
1487649932	32.11781833333334	118.54351
1487649966	32.11781833333334	118.54351
1487649998	32.11781833333334	118.54351
1487650028	32.11781833333334	118.54351
1487650059	32.11781833333334	118.54351
1487650090	32.11781833333334	118.54351
1487652738	32.11787833333334	118.54337333333334
1487652774	32.117825	118.54333
1487652807	32.11781666666666	118.5433
1487652839	32.11781666666666	118.5433
1487652871	32.11781666666666	118.5433
1487652903	32.11781666666666	118.5433
1487652935	32.11781666666666	118.5433
1487652966	32.117830000000005	118.543365
1487652997	32.117830000000005	118.543365
1487653029	32.11785666666666	118.54340833333332
1487653061	32.11785666666666	118.54340833333332
1487653091	32.11785666666666	118.54340833333332
1487653122	32.11785666666666	118.54340833333332
1487653158	32.11785666666666	118.54340833333332
1487653191	32.11785666666666	118.54340833333332
