1487595623	31.257651666666668	121.44739999999999
1487595626	31.25765333333333	121.44739999999999
1487595628	31.25765666666667	121.44739999999999
1487595631	31.25765666666667	121.44739999999999
1487595634	31.257651666666668	121.44738666666666
1487595636	31.25765833333333	121.44738166666666
1487595639	31.25765833333333	121.44738166666666
1487595642	31.257646666666666	121.44732166666667
1487595644	31.25763833333333	121.44726333333334
1487595646	31.257636666666667	121.44728166666667
1487595649	31.257636666666667	121.44727999999999
1487595652	31.257628333333333	121.44724833333333
1487595654	31.25762333333333	121.44724666666667
1487595657	31.25762166666667	121.447265
1487595659	31.25762166666667	121.447265
1487595692	31.257634999999997	121.44723333333334
1487595725	31.25773166666667	121.44729000000001
1487595756	31.257681666666667	121.44727666666668
1487595788	31.257655	121.44734500000001
1487595820	31.25762666666667	121.447335
1487595852	31.25764	121.44733166666668
1487598938	31.256813333333337	121.446065
1487598970	31.25693833333333	121.44635666666666
1487599002	31.256930000000004	121.44649666666668
1487599033	31.256631666666667	121.44650833333331
1487599066	31.256715	121.446485
1487599098	31.257205	121.44696666666665
1487599130	31.257256666666663	121.447025
1487599162	31.25738833333333	121.44708333333334
1487599194	31.257465000000003	121.44706333333333
1487599227	31.25749	121.44714333333334
1487599259	31.257481666666664	121.44721666666668
1487599291	31.257408333333334	121.44715666666667
1487599323	31.257214999999995	121.44710666666667
1487599355	31.25711666666667	121.44715833333333
1487599388	31.257043333333332	121.447115
1487599420	31.256975000000004	121.44715666666667
1487599451	31.256915000000003	121.44718833333333
1487599483	31.256571666666666	121.44700166666668
1487599515	31.256283333333332	121.44690166666666
1487599548	31.255731666666666	121.44669999999999
1487599580	31.25525	121.44651666666665
1487599612	31.25523333333333	121.44672333333334
1487599644	31.255550000000003	121.44699166666666
1487599675	31.25538333333333	121.446975
1487599708	31.2554	121.44700333333334
1487599741	31.255405000000003	121.44703499999999
1487599773	31.255451666666666	121.44706333333333
1487599805	31.255454999999998	121.44711666666666
1487599837	31.255588333333336	121.44722833333331
1487602785	31.258241666666663	121.45041333333332
1487602817	31.258125000000003	121.45021666666668
1487602849	31.258041666666667	121.45024666666669
1487602883	31.258108333333332	121.45019333333333
1487602915	31.25806166666667	121.45015
1487602917	31.25806166666667	121.45015
1487602920	31.25812	121.450155
1487602923	31.25812	121.450155
1487602926	31.25819	121.45017333333332
1487602928	31.258176666666667	121.45022333333333
1487602931	31.258215000000003	121.45025833333332
1487602934	31.258215000000003	121.45027833333333
1487602937	31.258233333333337	121.45027
1487602940	31.25824	121.450245
1487602943	31.258233333333337	121.45020666666666
1487602946	31.25824	121.45020500000001
1487602949	31.258253333333332	121.45019333333333
1487602951	31.258263333333336	121.450265
1487602954	31.258218333333335	121.45023333333332
1487602957	31.258204999999997	121.45022333333333
1487602960	31.258204999999997	121.45022333333333
1487602963	31.258204999999997	121.45022333333333
1487602966	31.258204999999997	121.45022333333333
1487602969	31.258204999999997	121.45022333333333
1487602971	31.258053333333336	121.450125
1487602974	31.258039999999998	121.45012
1487602977	31.258039999999998	121.45012
1487602980	31.258039999999998	121.45012
1487602983	31.258129999999998	121.45015333333335
1487602986	31.258129999999998	121.45016
1487602989	31.258129999999998	121.45016
1487602991	31.258129999999998	121.45016
1487602994	31.258129999999998	121.45016
1487602997	31.258129999999998	121.45016
1487603000	31.258129999999998	121.45016
1487603034	31.25806	121.45008333333332
1487603066	31.257898333333333	121.45005833333335
1487603098	31.257900000000003	121.45006833333333
1487603132	31.257900000000003	121.45006833333333
1487603164	31.25792	121.44996
1487603196	31.25796833333333	121.44994333333334
1487603228	31.257875	121.44959166666668
1487603260	31.257768333333335	121.44926500000001
1487603294	31.257559999999998	121.44886166666666
1487603327	31.257330000000003	121.44852999999999
1487603359	31.25732833333333	121.44825999999999
1487603391	31.257353333333338	121.44798166666666
1487603423	31.257333333333335	121.44743333333332
1487606374	31.257218333333338	121.44683333333333
1487606418	31.25683333333333	121.44642
1487606468	31.257109999999997	121.44654333333334
1487606505	31.257146666666667	121.44667666666668
1487606558	31.25720666666667	121.44662000000001
1487606568	31.257191666666667	121.44661166666668
1487606578	31.257175	121.44660666666665
1487606599	31.257216666666668	121.44667833333332
1487606621	31.257166666666663	121.44669333333334
1487606653	31.257064999999997	121.44644833333332
1487606665	31.25694	121.44621000000001
1487606676	31.257031666666663	121.44639833333333
1487606686	31.257098333333335	121.446545
1487606696	31.257108333333335	121.44663
1487606718	31.257191666666667	121.44674666666667
1487606738	31.257150000000003	121.446665
1487606759	31.256956666666664	121.44644333333332
1487606777	31.257043333333332	121.44655166666668
1487606797	31.256970000000003	121.44640166666667
1487606817	31.25707166666667	121.446515
1487606839	31.257056666666667	121.44644166666667
1487606857	31.257054999999998	121.44642666666665
1487606875	31.257046666666664	121.44649333333334
1487606891	31.25704166666667	121.44652166666668
1487606902	31.257054999999998	121.44653500000001
1487606913	31.25707166666667	121.44655499999999
1487606923	31.257038333333337	121.44656333333333
1487606933	31.257021666666667	121.44653666666666
1487606940	31.257061666666665	121.44653833333332
1487606944	31.257064999999997	121.44652666666667
1487606949	31.257048333333334	121.44650333333333
1487606956	31.257038333333337	121.44649
1487606962	31.257025	121.44648166666666
1487606964	31.257006666666665	121.44644333333332
1487609895	31.257619999999996	121.44682499999999
1487609943	31.25743333333333	121.44710833333332
1487609989	31.257505	121.44706166666668
1487610029	31.25756333333333	121.44717
1487610070	31.25764	121.44711333333335
1487613439	31.257510000000003	121.44709666666668
1487613489	31.257355	121.44685166666667
1487613530	31.257403333333333	121.44680833333332
1487613542	31.25728333333333	121.44678
1487613552	31.257271666666664	121.44679333333333
1487613564	31.257271666666664	121.44679333333333
1487613576	31.257271666666664	121.44679333333333
1487613587	31.257271666666664	121.44679333333333
1487613597	31.257243333333335	121.44671000000001
1487613609	31.257231666666666	121.446705
1487613622	31.257259999999995	121.44674833333332
1487613645	31.257268333333332	121.44677166666666
1487613665	31.257271666666664	121.446815
1487613687	31.25729833333333	121.44663666666665
1487613699	31.257345	121.44675166666666
1487613710	31.25729833333333	121.44664833333333
1487613720	31.25766	121.44706333333333
1487613730	31.257453333333334	121.44679333333333
1487613740	31.257465000000003	121.44679166666668
1487613762	31.257499999999997	121.44700666666668
1487613781	31.25756833333333	121.44707333333332
1487613801	31.257481666666664	121.44712166666667
1487613823	31.257546666666666	121.44710833333332
1487613842	31.257678333333335	121.44745666666668
1487613858	31.257696666666668	121.44737666666667
1487613868	31.25773333333333	121.447415
1487613879	31.257645000000004	121.44733166666668
1487613889	31.257634999999997	121.44745166666668
1487613899	31.25767166666667	121.44735666666665
1487613911	31.25762666666667	121.44742999999998
1487613921	31.25759333333333	121.44757499999999
1487613933	31.257661666666664	121.44752666666666
1487613944	31.257484999999996	121.44698666666666
1487613983	31.257510000000003	121.44689166666667
1487614025	31.257589999999997	121.44726999999999
1487614066	31.257649999999998	121.44732666666665
1487614116	31.257538333333333	121.44697166666668
1487614151	31.25771333333333	121.44723833333335
1487614184	31.25766833333333	121.447265
1487614217	31.257721666666665	121.44728166666667
1487614248	31.25748666666667	121.44713666666667
1487614280	31.257483333333333	121.44710333333333
1487614312	31.257414999999998	121.44700166666668
1487614344	31.257465000000003	121.44695666666667
1487614377	31.25756666666667	121.44706333333333
1487614409	31.257535	121.44697833333333
1487614443	31.257548333333336	121.446815
1487614475	31.257556666666666	121.44735833333334
1487614512	31.25762333333333	121.447785
1487614545	31.257690000000004	121.44800500000001
1487614577	31.257745	121.44777833333335
1487614609	31.257769999999997	121.44751666666667
1487614643	31.257663333333333	121.44717833333334
1487614674	31.257775	121.44755666666667
1487614708	31.257735000000004	121.447265
1487614743	31.257720000000003	121.44693833333334
1487614774	31.257793333333332	121.44717
1487614806	31.257679999999997	121.44653666666666
1487614838	31.257765000000003	121.44705
1487616898	31.257585000000002	121.44660999999999
1487616907	31.25753666666667	121.44642166666667
1487616913	31.257466666666666	121.44645333333334
1487616926	31.257443333333338	121.44649833333332
1487616929	31.257416666666668	121.44658833333332
1487616945	31.25744666666667	121.44657833333333
1487616958	31.25744666666667	121.44663999999999
1487616960	31.257450000000002	121.44661666666667
1487616962	31.257450000000002	121.44661333333333
1487616966	31.257450000000002	121.44661333333333
1487616969	31.257450000000002	121.44661333333333
1487616971	31.257450000000002	121.44661333333333
1487616974	31.257450000000002	121.44661333333333
1487616976	31.257450000000002	121.44661333333333
1487616979	31.257450000000002	121.44661333333333
1487616981	31.257450000000002	121.44661333333333
1487616984	31.257450000000002	121.44661333333333
1487616987	31.257456666666666	121.446605
1487616990	31.25746	121.446605
1487616992	31.25746	121.446605
1487616994	31.257454999999997	121.44657000000001
1487616997	31.25746333333333	121.44657000000001
1487617000	31.257468333333335	121.44659000000001
1487617003	31.257468333333335	121.44659333333333
1487617005	31.257469999999998	121.44658833333332
1487617007	31.257469999999998	121.44658833333332
1487617011	31.257469999999998	121.44658833333332
1487617013	31.257469999999998	121.44658833333332
1487617016	31.257469999999998	121.44658833333332
1487617019	31.257469999999998	121.44658833333332
1487617023	31.257469999999998	121.44658833333332
1487617061	31.257358333333332	121.44650333333333
1487617093	31.257369999999998	121.44645666666665
1487617125	31.25735666666667	121.44643833333333
1487617159	31.257408333333334	121.44647166666667
1487617191	31.257369999999998	121.44629833333332
1487617223	31.25740166666667	121.44632000000001
1487617255	31.257453333333334	121.44645666666665
1487617286	31.25749166666667	121.44656166666667
1487617320	31.257481666666664	121.44643833333333
1487617352	31.25744666666667	121.44647666666667
1487617384	31.257526666666664	121.44629166666667
1487617417	31.257304999999995	121.44598666666667
1487617450	31.257421666666666	121.44629833333332
1487617483	31.25737333333333	121.44624833333334
1487617516	31.257371666666668	121.44613499999998
1487617548	31.257270000000002	121.44604833333332
1487617580	31.257308333333338	121.44595833333332
1487617612	31.25732833333333	121.44607333333333
1487617646	31.257346666666663	121.44613833333332
1487617679	31.257268333333332	121.44589333333333
1487617711	31.25725166666667	121.44587666666666
1487617743	31.257286666666666	121.44591666666665
1487617775	31.257293333333337	121.44590500000001
1487617811	31.25746	121.44636
1487617843	31.257466666666666	121.44647000000002
1487617875	31.257394999999995	121.44600333333334
1487617907	31.257364999999997	121.446215
1487617940	31.257528333333333	121.44643333333333
