1487626246	32.396632	119.589989
1487626396	32.396632	119.589989
1487626396	32.396632	119.589989
1487626410	32.396624	119.590158
1487626410	32.396624	119.590158
1487626442	32.396624	119.590158
1487626442	32.396624	119.590158
1487626458	32.396632	119.589989
1487626458	32.396632	119.589989
1487626474	32.396624	119.590158
1487626474	32.396624	119.590158
1487626477	32.396624	119.590158
1487626477	32.396624	119.590158
1487626479	32.396624	119.590158
1487626479	32.396624	119.590158
1487626483	32.396624	119.590158
1487626483	32.396624	119.590158
1487626485	32.396624	119.590158
1487626485	32.396624	119.590158
1487626487	32.396624	119.590158
1487626487	32.396624	119.590158
1487626490	32.396624	119.590158
1487626490	32.396624	119.590158
1487626492	32.396624	119.590158
1487626492	32.396624	119.590158
1487626495	32.396624	119.590158
1487626495	32.396624	119.590158
1487626497	32.396624	119.590158
1487626497	32.396624	119.590158
1487626499	32.396624	119.590158
1487626499	32.396624	119.590158
1487626503	32.396624	119.590158
1487626503	32.396624	119.590158
1487626506	32.396624	119.590158
1487626506	32.396624	119.590158
1487626508	32.396624	119.590158
1487626508	32.396624	119.590158
1487626510	32.396624	119.590158
1487626510	32.396624	119.590158
1487626518	32.396624	119.590158
1487626518	32.396624	119.590158
1487626520	32.396624	119.590158
1487626520	32.396624	119.590158
1487626523	32.396624	119.590158
1487626523	32.396624	119.590158
1487626525	32.396624	119.590158
1487626525	32.396624	119.590158
1487626527	32.396624	119.590158
1487626527	32.396624	119.590158
1487626529	32.396624	119.590158
1487626529	32.396624	119.590158
1487626532	32.396624	119.590158
1487626532	32.396624	119.590158
1487626535	32.396624	119.590158
1487626535	32.396624	119.590158
1487626537	32.396624	119.590158
1487626537	32.396624	119.590158
1487626543	32.396624	119.590158
1487626543	32.396624	119.590158
1487626548	32.396624	119.590158
1487626548	32.396624	119.590158
1487626551	32.396624	119.590158
1487626551	32.396624	119.590158
1487626554	32.396624	119.590158
1487626554	32.396624	119.590158
1487626565	32.396624	119.590158
1487626565	32.396624	119.590158
1487626568	32.396624	119.590158
1487626568	32.396624	119.590158
1487626570	32.396624	119.590158
1487626570	32.396624	119.590158
1487626580	32.396632	119.589989
1487626580	32.396632	119.589989
1487626603	32.396624	119.590158
1487626603	32.396624	119.590158
1487626621	32.396632	119.589989
1487626621	32.396632	119.589989
1487626662	32.396632	119.589989
1487626662	32.396632	119.589989
1487626666	32.396624	119.590158
1487626666	32.396624	119.590158
1487626695	32.396632	119.589989
1487626695	32.396632	119.589989
1487626713	32.396624	119.590158
1487626713	32.396624	119.590158
1487626734	32.396632	119.589989
1487626734	32.396632	119.589989
1487626770	32.396632	119.589989
1487626770	32.396632	119.589989
1487626776	32.396624	119.590158
1487626776	32.396624	119.590158
1487626804	32.396632	119.589989
1487626804	32.396632	119.589989
1487626807	32.396624	119.590158
1487626807	32.396624	119.590158
1487626837	32.396632	119.589989
1487626837	32.396624	119.590158
1487626837	32.396632	119.589989
1487626837	32.396624	119.590158
1487626868	32.396624	119.590158
1487626868	32.396624	119.590158
1487626876	32.396632	119.589989
1487626876	32.396632	119.589989
1487626899	32.396624	119.590158
1487626899	32.396624	119.590158
1487626923	32.396632	119.589989
1487626923	32.396632	119.589989
1487626929	32.396624	119.590158
1487626929	32.396624	119.590158
1487626970	32.396624	119.590158
1487626970	32.396624	119.590158
1487627001	32.396624	119.590158
1487627001	32.396624	119.590158
1487627031	32.396624	119.590158
1487627031	32.396624	119.590158
1487627062	32.396624	119.590158
1487627062	32.396624	119.590158
1487627092	32.396624	119.590158
1487627092	32.396624	119.590158
1487627123	32.396624	119.590158
1487627123	32.396624	119.590158
1487627153	32.396624	119.590158
1487627153	32.396624	119.590158
1487627183	32.396624	119.590158
1487627183	32.396624	119.590158
1487627215	32.396624	119.590158
1487627215	32.396624	119.590158
1487627245	32.396624	119.590158
1487627245	32.396624	119.590158
1487627275	32.396624	119.590158
1487627275	32.396624	119.590158
1487627328	32.396578	119.590131
1487627328	32.396578	119.590131
1487627360	32.396578	119.590131
1487627360	32.396578	119.590131
1487627397	32.396578	119.590131
1487627397	32.396578	119.590131
1487627429	32.396578	119.590131
1487627429	32.396578	119.590131
1487627460	32.396578	119.590131
1487627460	32.396578	119.590131
1487627497	32.396578	119.590131
1487627497	32.396578	119.590131
1487627529	32.396578	119.590131
1487627529	32.396578	119.590131
1487629002	32.396554	119.589946
1487629002	32.396554	119.589946
1487629034	32.396554	119.589946
1487629034	32.396554	119.589946
1487629066	32.396554	119.589946
1487629066	32.396554	119.589946
1487629098	32.396554	119.589946
1487629098	32.396554	119.589946
1487629130	32.396554	119.589946
1487629130	32.396554	119.589946
1487629194	32.396554	119.589946
1487629194	32.396554	119.589946
1487629226	32.396554	119.589946
1487629226	32.396554	119.589946
1487629258	32.396554	119.589946
1487629258	32.396554	119.589946
1487629290	32.396554	119.589946
1487629290	32.396554	119.589946
1487629322	32.396554	119.589946
1487629322	32.396554	119.589946
1487629513	32.396554	119.589946
1487629513	32.396554	119.589946
1487629543	32.396554	119.589946
1487629543	32.396554	119.589946
1487629574	32.396554	119.589946
1487629574	32.396554	119.589946
1487629712	32.396554	119.589946
1487629712	32.396554	119.589946
1487629751	32.396554	119.589946
1487629751	32.396554	119.589946
1487629754	32.396554	119.589946
1487629754	32.396554	119.589946
1487629756	32.396554	119.589946
1487629756	32.396554	119.589946
1487629758	32.396554	119.589946
1487629758	32.396554	119.589946
1487629761	32.396554	119.589946
1487629761	32.396554	119.589946
1487629764	32.396554	119.589946
1487629764	32.396554	119.589946
1487629766	32.396554	119.589946
1487629766	32.396554	119.589946
1487629769	32.396554	119.589946
1487629769	32.396554	119.589946
1487629773	32.396554	119.589946
1487629773	32.396554	119.589946
1487629775	32.396554	119.589946
1487629775	32.396554	119.589946
1487629777	32.396554	119.589946
1487629777	32.396554	119.589946
1487629779	32.396554	119.589946
1487629779	32.396554	119.589946
1487629782	32.396554	119.589946
1487629782	32.396554	119.589946
1487629785	32.396554	119.589946
1487629785	32.396554	119.589946
1487629788	32.396554	119.589946
1487629788	32.396554	119.589946
1487629796	32.396554	119.589946
1487629796	32.396554	119.589946
1487629799	32.396554	119.589946
1487629799	32.396554	119.589946
1487629803	32.396554	119.589946
1487629803	32.396554	119.589946
1487629806	32.396554	119.589946
1487629806	32.396554	119.589946
1487629809	32.396554	119.589946
1487629809	32.396554	119.589946
1487629813	32.396554	119.589946
1487629813	32.396554	119.589946
1487629816	32.396554	119.589946
1487629816	32.396554	119.589946
1487629821	32.396554	119.589946
1487629821	32.396554	119.589946
1487629825	32.396554	119.589946
1487629825	32.396554	119.589946
1487629829	32.396554	119.589946
1487629829	32.396554	119.589946
1487629838	32.396554	119.589946
1487629838	32.396554	119.589946
1487629841	32.396554	119.589946
1487629841	32.396554	119.589946
1487629846	32.396554	119.589946
1487629846	32.396554	119.589946
1487629849	32.396554	119.589946
1487629849	32.396554	119.589946
1487629853	32.396554	119.589946
1487629853	32.396554	119.589946
1487629856	32.396554	119.589946
1487629856	32.396554	119.589946
1487629888	32.396554	119.589946
1487629888	32.396554	119.589946
1487629920	32.396554	119.589946
1487629920	32.396554	119.589946
1487629952	32.396553	119.589943
1487629952	32.396553	119.589943
1487629984	32.396553	119.589943
1487629984	32.396553	119.589943
1487630015	32.396553	119.589943
1487630015	32.396553	119.589943
1487630047	32.396553	119.589943
1487630047	32.396553	119.589943
1487630078	32.396553	119.589943
1487630078	32.396553	119.589943
1487630109	32.396553	119.589943
1487630109	32.396553	119.589943
1487630139	32.396553	119.589943
1487630139	32.396553	119.589943
1487630170	32.396553	119.589943
1487630170	32.396553	119.589943
1487630201	32.396553	119.589943
1487630201	32.396553	119.589943
1487630231	32.396553	119.589943
1487630231	32.396553	119.589943
1487630262	32.396553	119.589943
1487630262	32.396553	119.589943
1487630293	32.396553	119.589943
1487630293	32.396553	119.589943
1487630323	32.396553	119.589943
1487630323	32.396553	119.589943
1487631708	32.396578	119.590131
1487631708	32.396578	119.590131
1487631739	32.396578	119.590131
1487631739	32.396578	119.590131
1487631770	32.396578	119.590131
1487631770	32.396578	119.590131
1487631801	32.396721	119.590198
1487631801	32.396721	119.590198
1487631821	32.39665	119.589996
1487631821	32.39665	119.589996
1487631823	32.39665	119.589996
1487631823	32.39665	119.589996
1487631825	32.39665	119.589996
1487631825	32.39665	119.589996
1487631828	32.39665	119.589996
1487631828	32.39665	119.589996
1487631830	32.39665	119.589996
1487631830	32.39665	119.589996
1487631833	32.396721	119.590198
1487631833	32.39665	119.589996
1487631833	32.396721	119.590198
1487631833	32.39665	119.589996
1487631835	32.39665	119.589996
1487631835	32.39665	119.589996
1487631838	32.39665	119.589996
1487631838	32.39665	119.589996
1487631841	32.39665	119.589996
1487631841	32.39665	119.589996
1487631843	32.39665	119.589996
1487631843	32.39665	119.589996
1487631845	32.39665	119.589996
1487631845	32.39665	119.589996
1487631848	32.39665	119.589996
1487631848	32.39665	119.589996
1487631851	32.39665	119.589996
1487631851	32.39665	119.589996
1487631853	32.39665	119.589996
1487631853	32.39665	119.589996
1487631855	32.39665	119.589996
1487631855	32.39665	119.589996
1487631857	32.39665	119.589996
1487631857	32.39665	119.589996
1487631859	32.39665	119.589996
1487631859	32.39665	119.589996
1487631862	32.39665	119.589996
1487631862	32.39665	119.589996
1487631864	32.39665	119.589996
1487631864	32.39665	119.589996
1487631866	32.39665	119.589996
1487631866	32.39665	119.589996
1487631869	32.39665	119.589996
1487631869	32.39665	119.589996
1487631872	32.39665	119.589996
1487631872	32.39665	119.589996
1487631874	32.39665	119.589996
1487631874	32.39665	119.589996
1487631878	32.39665	119.589996
1487631878	32.39665	119.589996
1487631881	32.39665	119.589996
1487631881	32.39665	119.589996
1487631884	32.39665	119.589996
1487631884	32.39665	119.589996
1487631888	32.39665	119.589996
1487631888	32.39665	119.589996
1487631890	32.39665	119.589996
1487631890	32.39665	119.589996
1487631893	32.39665	119.589996
1487631893	32.39665	119.589996
1487631896	32.39665	119.589996
1487631896	32.39665	119.589996
1487631899	32.39665	119.589996
1487631899	32.39665	119.589996
1487631931	32.39665	119.589996
1487631931	32.39665	119.589996
1487631964	32.39665	119.589996
1487631964	32.39665	119.589996
1487631995	32.39665	119.589996
1487631995	32.39665	119.589996
1487632025	32.39665	119.589996
1487632025	32.39665	119.589996
1487634313	32.396539	119.589881
1487634313	32.396539	119.589881
1487634346	32.396539	119.589881
1487634346	32.396539	119.589881
1487634379	32.396539	119.589881
1487634379	32.396539	119.589881
1487634410	32.396539	119.589881
1487634410	32.396539	119.589881
1487634444	32.396539	119.589881
1487634444	32.396539	119.589881
1487634476	32.396539	119.589881
1487634476	32.396539	119.589881
1487634507	32.396539	119.589881
1487634507	32.396539	119.589881
1487634539	32.396539	119.589881
1487634539	32.396539	119.589881
1487634570	32.396539	119.589881
1487634570	32.396539	119.589881
1487634602	32.396539	119.589881
1487634602	32.396539	119.589881
1487634634	32.396539	119.589881
1487634634	32.396539	119.589881
1487634638	32.396539	119.589881
1487634638	32.396539	119.589881
1487634640	32.396539	119.589881
1487634640	32.396539	119.589881
1487634643	32.396539	119.589881
1487634643	32.396539	119.589881
1487634646	32.396539	119.589881
1487634646	32.396539	119.589881
1487634649	32.396539	119.589881
1487634649	32.396539	119.589881
1487634652	32.396539	119.589881
1487634652	32.396539	119.589881
1487634655	32.396539	119.589881
1487634655	32.396539	119.589881
1487634658	32.396539	119.589881
1487634658	32.396539	119.589881
1487634661	32.396539	119.589881
1487634661	32.396539	119.589881
1487634663	32.396539	119.589881
1487634663	32.396539	119.589881
1487634666	32.396539	119.589881
1487634666	32.396539	119.589881
1487634669	32.396539	119.589881
1487634669	32.396539	119.589881
1487634672	32.396539	119.589881
1487634672	32.396539	119.589881
1487634674	32.396539	119.589881
1487634674	32.396539	119.589881
1487634678	32.396539	119.589881
1487634678	32.396539	119.589881
1487634681	32.396539	119.589881
1487634681	32.396539	119.589881
1487634683	32.396539	119.589881
1487634683	32.396539	119.589881
1487634686	32.396539	119.589881
1487634686	32.396539	119.589881
1487634689	32.396539	119.589881
1487634689	32.396539	119.589881
1487634691	32.396539	119.589881
1487634691	32.396539	119.589881
1487634693	32.396539	119.589881
1487634693	32.396539	119.589881
1487634696	32.396539	119.589881
1487634696	32.396539	119.589881
1487634699	32.396539	119.589881
1487634699	32.396539	119.589881
1487634702	32.396539	119.589881
1487634702	32.396539	119.589881
1487634705	32.396539	119.589881
1487634705	32.396539	119.589881
1487634707	32.396539	119.589881
1487634707	32.396539	119.589881
1487634709	32.396539	119.589881
1487634709	32.396539	119.589881
1487634712	32.396539	119.589881
1487634712	32.396539	119.589881
1487634715	32.396539	119.589881
1487634715	32.396539	119.589881
1487634717	32.396539	119.589881
1487634717	32.396539	119.589881
1487634750	32.396539	119.589881
1487634750	32.396539	119.589881
1487634781	32.396539	119.589881
1487634781	32.396539	119.589881
1487634814	32.396539	119.589881
1487634814	32.396539	119.589881
1487634846	32.396539	119.589881
1487634846	32.396539	119.589881
1487634878	32.396539	119.589881
1487634878	32.396539	119.589881
1487634908	32.396539	119.589881
1487634908	32.396539	119.589881
1487634939	32.396539	119.589881
1487634939	32.396539	119.589881
1487634970	32.396539	119.589881
1487634970	32.396539	119.589881
1487635001	32.396539	119.589881
1487635001	32.396539	119.589881
1487635032	32.396539	119.589881
1487635032	32.396539	119.589881
1487635063	32.396539	119.589881
1487635063	32.396539	119.589881
1487635093	32.396539	119.589881
1487635093	32.396539	119.589881
1487635124	32.396539	119.589881
1487635124	32.396539	119.589881
1487635155	32.396539	119.589881
1487635155	32.396539	119.589881
1487635186	32.396539	119.589881
1487635186	32.396539	119.589881
1487635216	32.396539	119.589881
1487635216	32.396539	119.589881
1487635247	32.396539	119.589881
1487635247	32.396539	119.589881
1487635277	32.396539	119.589881
1487635277	32.396539	119.589881
1487635308	32.396539	119.589881
1487635308	32.396539	119.589881
1487637761	32.396607	119.590186
1487637761	32.396607	119.590186
1487637766	32.396607	119.590186
1487637766	32.396607	119.590186
1487637774	32.396607	119.590186
1487637774	32.396607	119.590186
1487637777	32.396607	119.590186
1487637777	32.396607	119.590186
1487637780	32.396607	119.590186
1487637780	32.396607	119.590186
1487637782	32.396607	119.590186
1487637782	32.396607	119.590186
1487637785	32.396607	119.590186
1487637785	32.396607	119.590186
1487637787	32.396607	119.590186
1487637787	32.396607	119.590186
1487637790	32.396607	119.590186
1487637790	32.396607	119.590186
1487637793	32.396607	119.590186
1487637793	32.396607	119.590186
1487637795	32.396607	119.590186
1487637795	32.396607	119.590186
1487637797	32.396607	119.590186
1487637797	32.396607	119.590186
1487637801	32.396607	119.590186
1487637801	32.396607	119.590186
1487637804	32.396607	119.590186
1487637804	32.396607	119.590186
1487637813	32.396607	119.590186
1487637813	32.396607	119.590186
1487637817	32.396607	119.590186
1487637817	32.396607	119.590186
1487637820	32.396607	119.590186
1487637820	32.396607	119.590186
1487637823	32.396607	119.590186
1487637823	32.396607	119.590186
1487637826	32.396607	119.590186
1487637826	32.396607	119.590186
1487637829	32.396607	119.590186
1487637829	32.396607	119.590186
1487637832	32.396607	119.590186
1487637832	32.396607	119.590186
1487637837	32.396607	119.590186
1487637837	32.396607	119.590186
1487637839	32.396607	119.590186
1487637839	32.396607	119.590186
1487637842	32.396607	119.590186
1487637842	32.396607	119.590186
1487637845	32.396607	119.590186
1487637845	32.396607	119.590186
1487637849	32.396607	119.590186
1487637849	32.396607	119.590186
1487637853	32.396607	119.590186
1487637853	32.396607	119.590186
1487637855	32.396607	119.590186
1487637855	32.396607	119.590186
1487637858	32.396607	119.590186
1487637858	32.396607	119.590186
1487637860	32.396607	119.590186
1487637860	32.396607	119.590186
