1487608275	31.176486	120.663941
1487608346	31.176409	120.66396
1487608347	31.176486	120.663941
1487608347	31.176486	120.663941
1487608418	31.176486	120.663941
1487608418	31.176486	120.663941
1487608490	31.176486	120.663941
1487608490	31.176486	120.663941
1487608505	31.176409	120.66396
1487608561	31.176486	120.663941
1487608561	31.176486	120.663941
1487608643	31.176486	120.663941
1487608643	31.176486	120.663941
1487608679	31.176409	120.66396
1487608714	31.176486	120.663941
1487608714	31.176486	120.663941
1487608732	31.176409	120.66396
1487608786	31.176486	120.663941
1487608786	31.176486	120.663941
1487608877	31.176486	120.663941
1487608877	31.176486	120.663941
1487608999	31.176409	120.66396
1487609494	31.176409	120.66396
1487609504	31.176409	120.66396
1487609511	31.176409	120.66396
1487609522	31.176409	120.66396
1487609537	31.176409	120.66396
1487609546	31.176409	120.66396
1487609555	31.176409	120.66396
1487609563	31.176409	120.66396
1487609572	31.176409	120.66396
1487610331	31.176409	120.66396
1487610341	31.176409	120.66396
1487610543	31.176409	120.66396
1487610589	31.176409	120.66396
1487610597	31.176409	120.66396
1487610603	31.176409	120.66396
1487610614	31.176409	120.66396
1487610622	31.176409	120.66396
1487610725	31.176409	120.66396
1487610734	31.176409	120.66396
1487610748	31.176409	120.66396
1487610760	31.176409	120.66396
1487610931	31.176409	120.66396
1487610939	31.176409	120.66396
1487610944	31.176409	120.66396
1487610950	31.176409	120.66396
1487610955	31.176409	120.66396
1487611054	31.176409	120.66396
1487611064	31.176409	120.66396
1487611951	31.176409	120.66396
1487613053	31.176409	120.66396
1487613636	31.176409	120.66396
1487613827	31.176409	120.66396
1487614280	31.176409	120.66396
1487614624	31.176409	120.66396
1487614914	31.176409	120.66396
1487615183	31.176409	120.66396
1487615195	31.176486	120.663941
1487615195	31.176486	120.663941
1487615256	31.176486	120.663941
1487615256	31.176486	120.663941
1487615317	31.176486	120.663941
1487615317	31.176486	120.663941
1487615379	31.176486	120.663941
1487615379	31.176486	120.663941
1487615417	31.176486	120.663941
1487615417	31.176486	120.663941
1487615436	31.176486	120.663941
1487615436	31.176486	120.663941
1487615441	31.176486	120.663941
1487615441	31.176486	120.663941
1487615445	31.176486	120.663941
1487615445	31.176486	120.663941
1487615450	31.176486	120.663941
1487615450	31.176486	120.663941
1487615454	31.176486	120.663941
1487615454	31.176486	120.663941
1487615460	31.176486	120.663941
1487615460	31.176486	120.663941
1487615464	31.176486	120.663941
1487615464	31.176486	120.663941
1487615468	31.176486	120.663941
1487615468	31.176486	120.663941
1487615472	31.176486	120.663941
1487615472	31.176486	120.663941
1487615478	31.176486	120.663941
1487615478	31.176486	120.663941
1487615483	31.176486	120.663941
1487615483	31.176486	120.663941
1487615488	31.176486	120.663941
1487615488	31.176486	120.663941
1487615493	31.176486	120.663941
1487615493	31.176486	120.663941
1487615497	31.176486	120.663941
1487615497	31.176486	120.663941
1487615502	31.176486	120.663941
1487615502	31.176486	120.663941
1487615507	31.176486	120.663941
1487615507	31.176486	120.663941
1487615511	31.176486	120.663941
1487615511	31.176486	120.663941
1487615515	31.176486	120.663941
1487615515	31.176486	120.663941
1487615520	31.176486	120.663941
1487615520	31.176486	120.663941
1487615524	31.176486	120.663941
1487615524	31.176486	120.663941
1487615529	31.176486	120.663941
1487615529	31.176486	120.663941
1487615533	31.176486	120.663941
1487615533	31.176486	120.663941
1487615537	31.176486	120.663941
1487615537	31.176486	120.663941
1487615541	31.176486	120.663941
1487615541	31.176486	120.663941
1487615545	31.176486	120.663941
1487615545	31.176486	120.663941
1487615549	31.176486	120.663941
1487615549	31.176486	120.663941
1487615555	31.176486	120.663941
1487615555	31.176486	120.663941
1487615559	31.176486	120.663941
1487615559	31.176486	120.663941
1487615564	31.176486	120.663941
1487615564	31.176486	120.663941
1487615599	31.176486	120.663941
1487615599	31.176486	120.663941
1487615634	31.176486	120.663941
1487615634	31.176486	120.663941
1487615669	31.176486	120.663941
1487615669	31.176486	120.663941
1487615705	31.176486	120.663941
1487615705	31.176486	120.663941
1487615741	31.176486	120.663941
1487615741	31.176486	120.663941
1487615774	31.176486	120.663941
1487615774	31.176486	120.663941
1487615808	31.176409	120.66396
1487615812	31.176486	120.663941
1487615812	31.176486	120.663941
1487615847	31.176486	120.663941
1487615847	31.176486	120.663941
1487615882	31.176486	120.663941
1487615882	31.176486	120.663941
1487615919	31.176486	120.663941
1487615919	31.176486	120.663941
1487615959	31.176486	120.663941
1487615959	31.176486	120.663941
1487615993	31.176486	120.663941
1487615993	31.176486	120.663941
1487616027	31.176486	120.663941
1487616027	31.176486	120.663941
1487616061	31.176486	120.663941
1487616061	31.176486	120.663941
1487616094	31.176486	120.663941
1487616094	31.176486	120.663941
1487616128	31.176486	120.663941
1487616128	31.176486	120.663941
1487616162	31.176486	120.663941
1487616162	31.176486	120.663941
1487616195	31.176486	120.663941
1487616195	31.176486	120.663941
1487616229	31.176486	120.663941
1487616229	31.176486	120.663941
1487616263	31.176486	120.663941
1487616263	31.176486	120.663941
1487616301	31.176486	120.663941
1487616301	31.176486	120.663941
1487616337	31.176486	120.663941
1487616337	31.176486	120.663941
1487616373	31.176486	120.663941
1487616373	31.176486	120.663941
1487616409	31.176486	120.663941
1487616409	31.176486	120.663941
1487616443	31.176486	120.663941
1487616443	31.176486	120.663941
1487616476	31.176486	120.663941
1487616476	31.176486	120.663941
1487616545	31.176409	120.66396
1487618124	31.176409	120.66396
1487618957	31.176409	120.66396
1487620864	31.176409	120.66396
1487622017	31.176409	120.66396
1487623556	31.176409	120.66396
1487624952	31.176409	120.66396
1487626672	31.176409	120.66396
1487627377	31.176409	120.66396
1487627663	31.176409	120.66396
1487627699	31.176409	120.66396
1487627780	31.176409	120.66396
1487627861	31.176409	120.66396
1487627952	31.176409	120.66396
1487628045	31.176409	120.66396
1487633140	31.176486	120.663941
1487633140	31.176486	120.663941
1487633222	31.176486	120.663941
1487633222	31.176486	120.663941
1487633301	31.176486	120.663941
1487633301	31.176486	120.663941
1487633336	31.176486	120.663941
1487633336	31.176486	120.663941
1487633372	31.176486	120.663941
1487633372	31.176486	120.663941
1487633410	31.176486	120.663941
1487633410	31.176486	120.663941
1487633444	31.176486	120.663941
1487633444	31.176486	120.663941
1487633478	31.176486	120.663941
1487633478	31.176486	120.663941
1487633485	31.176486	120.663941
1487633485	31.176486	120.663941
1487633490	31.176486	120.663941
1487633490	31.176486	120.663941
1487633496	31.176486	120.663941
1487633496	31.176486	120.663941
1487633501	31.176486	120.663941
1487633501	31.176486	120.663941
1487633509	31.176486	120.663941
1487633509	31.176486	120.663941
1487633515	31.176486	120.663941
1487633515	31.176486	120.663941
1487633523	31.176486	120.663941
1487633523	31.176486	120.663941
1487633531	31.176486	120.663941
1487633531	31.176486	120.663941
1487633539	31.176486	120.663941
1487633539	31.176486	120.663941
1487633549	31.176486	120.663941
1487633549	31.176486	120.663941
1487633556	31.176486	120.663941
1487633556	31.176486	120.663941
1487633564	31.176486	120.663941
1487633564	31.176486	120.663941
1487633571	31.176486	120.663941
1487633571	31.176486	120.663941
1487633578	31.176486	120.663941
1487633578	31.176486	120.663941
1487633586	31.176486	120.663941
1487633586	31.176486	120.663941
1487633592	31.176486	120.663941
1487633592	31.176486	120.663941
1487633638	31.176486	120.663941
1487633638	31.176486	120.663941
1487633680	31.176486	120.663941
1487633680	31.176486	120.663941
1487633732	31.176486	120.663941
1487633732	31.176486	120.663941
1487633786	31.176486	120.663941
1487633786	31.176486	120.663941
1487633828	31.176486	120.663941
1487633828	31.176486	120.663941
1487633870	31.176486	120.663941
1487633870	31.176486	120.663941
1487633913	31.176486	120.663941
1487633913	31.176486	120.663941
1487633956	31.176486	120.663941
1487633956	31.176486	120.663941
1487634021	31.176486	120.663941
1487634021	31.176486	120.663941
1487634145	31.176486	120.663941
1487634145	31.176486	120.663941
1487634176	31.176486	120.663941
1487634176	31.176486	120.663941
1487634184	31.176486	120.663941
1487634184	31.176486	120.663941
1487634195	31.176486	120.663941
1487634195	31.176486	120.663941
1487634218	31.176486	120.663941
1487634218	31.176486	120.663941
1487634337	31.176486	120.663941
1487634337	31.176486	120.663941
1487634638	31.176486	120.663941
1487634638	31.176486	120.663941
1487634766	31.176486	120.663941
1487634766	31.176486	120.663941
1487635400	31.176486	120.663941
1487635400	31.176486	120.663941
1487635858	31.176486	120.663941
1487635858	31.176486	120.663941
1487635923	31.176486	120.663941
1487635923	31.176486	120.663941
1487636007	31.176486	120.663941
1487636007	31.176486	120.663941
1487636083	31.176486	120.663941
1487636083	31.176486	120.663941
1487636337	31.176486	120.663941
1487636337	31.176486	120.663941
1487636803	31.176486	120.663941
1487636803	31.176486	120.663941
1487636895	31.176486	120.663941
1487636895	31.176486	120.663941
1487637152	31.176486	120.663941
1487637152	31.176486	120.663941
1487637561	31.176486	120.663941
1487637561	31.176486	120.663941
1487637859	31.176486	120.663941
1487637859	31.176486	120.663941
1487638009	31.176486	120.663941
1487638009	31.176486	120.663941
1487638374	31.176486	120.663941
1487638374	31.176486	120.663941
1487638864	31.176486	120.663941
1487638864	31.176486	120.663941
1487640427	31.176486	120.663941
1487640427	31.176486	120.663941
1487640519	31.176486	120.663941
1487640519	31.176486	120.663941
1487643162	31.176486	120.663941
1487643162	31.176486	120.663941
1487644611	31.176486	120.663941
1487644611	31.176486	120.663941
