1487592571	32.26239833333333	120.66875833333333
1487592603	32.262389999999996	120.66874333333332
1487592635	32.26242333333333	120.66875999999999
1487592667	32.262478333333334	120.66880166666667
1487592699	32.26247166666667	120.66878333333334
1487592731	32.26248833333333	120.66877833333335
1487592762	32.262478333333334	120.66876833333332
1487592795	32.26242166666667	120.66873666666667
1487592826	32.26240833333333	120.66875833333333
1487592859	32.262458333333335	120.668625
1487592890	32.26250666666667	120.66850666666666
1487592922	32.26251833333333	120.66862333333331
1487592954	32.2625	120.66854
1487592986	32.26246833333333	120.66866166666665
1487593018	32.262395	120.66862666666665
1487593050	32.26239833333333	120.66869333333334
1487593083	32.262346666666666	120.66867500000002
1487593114	32.26238	120.66863
1487593146	32.26231833333333	120.66864
1487593179	32.262386666666664	120.668715
1487593211	32.26248333333333	120.66860166666666
1487593243	32.262391666666666	120.66869333333334
1487593274	32.26244	120.66877833333335
1487593307	32.26244	120.66877833333335
1487593339	32.26244	120.66877833333335
1487593370	32.26247	120.66888499999999
1487593402	32.26245666666667	120.66882
1487593434	32.26245666666667	120.66882
1487593465	32.26245666666667	120.66882
1487594431	32.236920000000005	120.676295
1487594434	32.23668333333333	120.67645833333333
1487594436	32.23651666666667	120.67657
1487594438	32.236266666666666	120.676745
1487594441	32.23609166666667	120.67686666666665
1487594443	32.235825	120.67706166666667
1487594445	32.23564833333333	120.67719166666666
1487594448	32.23547833333334	120.677315
1487594450	32.235255	120.67745666666666
1487594453	32.23514	120.67752333333334
1487594455	32.23495166666667	120.67765499999999
1487594458	32.23480833333333	120.677765
1487594460	32.234645	120.67787833333333
1487594463	32.23438833333333	120.67806333333334
1487594465	32.23412333333333	120.67824999999999
1487594468	32.23395	120.67836833333334
1487594470	32.233693333333335	120.67855333333334
1487594473	32.23352166666667	120.67868166666668
1487594475	32.23327166666666	120.67887166666667
1487594478	32.23311	120.67898666666666
1487594480	32.232859999999995	120.67915333333333
1487594482	32.23269833333333	120.67926833333334
1487594485	32.23253833333333	120.67938000000001
1487594487	32.23228833333334	120.67955833333332
1487594490	32.23211833333333	120.67968166666667
1487594492	32.23186333333333	120.67987
1487594495	32.231694999999995	120.67998666666666
1487594497	32.231455	120.680165
1487594500	32.23128	120.68028166666666
1487594502	32.23110333333333	120.68040666666666
1487594505	32.23083666666666	120.68059666666667
1487594538	32.228535	120.68219166666668
1487594570	32.22711833333334	120.68027166666667
1487594694	32.21894833333333	120.66126833333334
1487594726	32.216321666666666	120.65536833333333
1487594758	32.213730000000005	120.65062833333334
1487594790	32.21225166666667	120.64800166666667
1487594823	32.209783333333334	120.64428500000001
1487594854	32.206535	120.639275
1487594886	32.20375	120.63464333333334
1487594918	32.20115833333333	120.62891333333333
1487594950	32.19847666666667	120.62347999999999
1487594982	32.19634833333334	120.61955333333331
1487595014	32.19367166666667	120.61485166666668
1487595046	32.191426666666665	120.61076666666668
1487595078	32.190495000000006	120.60963500000001
1487595110	32.190495000000006	120.60963500000001
1487595142	32.190495000000006	120.60963500000001
1487595174	32.190495000000006	120.60963500000001
1487595205	32.190495000000006	120.60963500000001
1487595236	32.190495000000006	120.60963500000001
1487595268	32.190495000000006	120.60963500000001
1487595300	32.190495000000006	120.60963500000001
1487595332	32.190495000000006	120.60963500000001
1487595363	32.190495000000006	120.60963500000001
1487595395	32.190495000000006	120.60963500000001
1487595427	32.190495000000006	120.60963500000001
1487599762	32.358425000000004	120.54412666666667
1487599793	32.3591	120.54574
1487599823	32.35915166666667	120.54586333333333
1487599854	32.359876666666665	120.54581166666667
1487599884	32.36049166666667	120.54547
1487599918	32.36105	120.54538499999998
1487599949	32.36231	120.54607499999999
1487599952	32.36251	120.54607
1487599954	32.362615	120.54606
1487599957	32.36272666666667	120.54606833333334
1487599959	32.36277833333334	120.54608166666667
1487599962	32.36287166666667	120.546035
1487599964	32.36293833333333	120.54599333333333
1487599967	32.363036666666666	120.54592833333332
1487599969	32.363105000000004	120.54589333333334
1487599972	32.36322	120.54582
1487599974	32.36329833333333	120.545765
1487599977	32.363425	120.545675
1487599979	32.36351166666667	120.54561
1487599982	32.36365833333333	120.54551000000001
1487599984	32.363823333333336	120.54541333333333
1487599987	32.36392333333333	120.54534
1487599989	32.36408166666667	120.54523499999999
1487599992	32.36418666666667	120.54517666666668
1487599994	32.364288333333334	120.54511833333332
1487599997	32.36441833333333	120.54501833333333
1487599999	32.364511666666665	120.54495833333334
1487600002	32.36465	120.54486
1487600005	32.36474166666667	120.54481666666668
1487600007	32.364853333333336	120.54475499999998
1487600010	32.36490833333333	120.54471833333334
1487600012	32.364985000000004	120.5447
1487600015	32.365051666666666	120.54474499999999
1487600017	32.36512333333334	120.54484333333333
1487600020	32.36522166666667	120.54505833333333
1487600022	32.365298333333335	120.54521000000001
1487600025	32.365408333333335	120.54546
1487600057	32.36646666666666	120.54809166666668
1487600089	32.36777666666667	120.55086833333334
1487600121	32.368518333333334	120.55253833333333
1487600153	32.36971833333334	120.55522
1487600186	32.369748333333334	120.55527333333333
1487600218	32.369748333333334	120.55527333333333
1487600250	32.370688333333334	120.557355
1487600282	32.37188333333334	120.559875
1487600314	32.37361333333333	120.55964666666665
1487600346	32.37450666666667	120.55922833333334
1487600378	32.37459166666667	120.55933000000002
1487600410	32.374721666666666	120.55937
1487600442	32.374723333333336	120.55935333333333
1487600474	32.37466333333334	120.55930666666667
1487600506	32.37466833333334	120.55895166666666
1487600537	32.374615	120.55903833333332
1487600569	32.374649999999995	120.55914833333333
1487600601	32.37462333333334	120.55905666666668
1487600633	32.37463	120.55917333333333
1487600665	32.37463	120.55917333333333
1487600697	32.37463	120.55917333333333
1487600728	32.37461833333334	120.55914333333334
1487600759	32.37466166666666	120.55911499999999
1487601576	32.37970166666666	120.55684166666667
1487601608	32.38101833333334	120.55621166666667
1487601640	32.38155833333334	120.55606833333334
1487601672	32.38250166666667	120.55569833333332
1487601704	32.383934999999994	120.55477666666665
1487601737	32.384155	120.55403666666668
1487601769	32.383615	120.55278666666666
1487601801	32.3831	120.55165666666666
1487601833	32.383630000000004	120.55116500000001
1487601865	32.384055	120.55094499999998
1487601898	32.385506666666664	120.55009999999999
1487601930	32.387595000000005	120.54881500000002
1487601962	32.38902333333333	120.54799166666665
1487601994	32.389133333333334	120.54716166666667
1487602026	32.388331666666666	120.54460833333333
1487602059	32.38780666666666	120.54291333333335
1487602107	32.387215	120.54074333333334
1487602139	32.385983333333336	120.53650666666665
1487602142	32.38590333333333	120.53627166666665
1487602145	32.38583833333333	120.53604833333333
1487602147	32.385765	120.53584833333335
1487602151	32.385725	120.53572333333335
1487602154	32.38566333333333	120.53551666666665
1487602156	32.38563666666666	120.53542833333334
1487602159	32.385625	120.53539833333335
1487602163	32.385623333333335	120.5354
1487602169	32.385623333333335	120.5354
1487602173	32.385623333333335	120.5354
1487602186	32.385623333333335	120.5354
1487602189	32.385623333333335	120.5354
1487602193	32.385623333333335	120.5354
1487602196	32.385623333333335	120.5354
1487602201	32.385623333333335	120.5354
1487602204	32.38560666666667	120.53534833333333
1487602206	32.38559333333333	120.53531166666669
1487602210	32.385585	120.53528999999999
1487602212	32.38557	120.53524
1487602215	32.38556666666667	120.53521666666666
1487602217	32.385555	120.53517500000001
1487602220	32.38554833333333	120.53515999999999
1487602222	32.385549999999995	120.53515666666665
1487602225	32.385549999999995	120.53515666666665
1487602227	32.385549999999995	120.53515666666665
1487602230	32.385549999999995	120.53515666666665
1487602232	32.385549999999995	120.53515666666665
1487602235	32.3855	120.53504
1487602238	32.38545166666667	120.53499333333333
1487602240	32.38532333333333	120.53495666666667
1487602274	32.381433333333334	120.53747999999999
1487602305	32.377615	120.54007666666666
1487602339	32.375195	120.54175
1487602370	32.37312166666666	120.54314166666667
1487602402	32.37222833333333	120.54374166666666
1487602434	32.37222833333333	120.54374166666666
1487602466	32.37222833333333	120.54374166666666
1487602499	32.37218166666666	120.54375333333334
1487602531	32.37117666666666	120.542365
1487602563	32.37060833333333	120.54078166666667
1487602595	32.371361666666665	120.54024666666668
1487602627	32.371991666666666	120.53986666666667
1487604549	32.37110833333334	120.54052833333331
1487604551	32.37110833333334	120.540535
1487604554	32.371113333333334	120.54053166666667
1487604556	32.371118333333335	120.54053833333334
1487604558	32.371118333333335	120.54054666666667
1487604561	32.371115	120.540545
1487604563	32.371115	120.54053666666665
1487604565	32.371116666666666	120.54052333333333
1487604568	32.371118333333335	120.54052000000001
1487604570	32.37112166666667	120.54052500000002
1487604573	32.37112833333333	120.54052833333331
1487604575	32.37113333333333	120.54053
1487604577	32.371134999999995	120.54052833333331
1487604580	32.371134999999995	120.54052833333331
1487604582	32.371134999999995	120.54052833333331
1487604584	32.371134999999995	120.54052833333331
1487604587	32.371134999999995	120.54052833333331
1487604589	32.371134999999995	120.54052833333331
1487604591	32.371134999999995	120.54052833333331
1487604594	32.371134999999995	120.54052833333331
1487604596	32.371134999999995	120.54052833333331
1487604598	32.371134999999995	120.54052833333331
1487604601	32.371134999999995	120.54052833333331
1487604603	32.371134999999995	120.54052833333331
1487604605	32.37114833333333	120.54050666666666
1487604608	32.37114666666666	120.54050000000001
1487604610	32.37114666666666	120.54049666666667
1487604613	32.37114666666666	120.54049666666667
1487604615	32.37114666666666	120.54049666666667
1487604618	32.37114999999999	120.54048666666668
1487604620	32.37115166666667	120.54048499999999
1487604653	32.371145	120.540475
1487604685	32.371145	120.54044999999999
1487604717	32.37112666666667	120.54042333333334
1487604748	32.371116666666666	120.54053
1487604781	32.37110666666667	120.54063833333333
1487604812	32.3711	120.54050833333334
1487604844	32.37113	120.54050333333335
1487604876	32.37110666666667	120.54043333333333
1487604907	32.371134999999995	120.54055500000001
1487604940	32.371125	120.54051666666668
1487604972	32.37110499999999	120.54045833333333
1487605003	32.37108166666667	120.54041666666666
1487605035	32.37104	120.54041833333333
1487605066	32.37106166666667	120.54036666666667
1487605100	32.37113333333333	120.54051499999998
1487605131	32.37115333333334	120.54055500000001
1487605163	32.37114666666666	120.54060833333332
1487605195	32.371134999999995	120.54051166666667
1487605228	32.37113166666666	120.54048833333333
1487605260	32.37124166666667	120.54056833333334
1487605293	32.371853333333334	120.53980000000001
1487605325	32.370846666666665	120.54053666666665
1487605357	32.37092666666667	120.54204499999999
1487605388	32.371715	120.54376333333333
1487605421	32.369980000000005	120.545315
1487605453	32.36746333333333	120.54708166666666
1487605485	32.366708333333335	120.54751333333334
1487605519	32.36456333333333	120.54909666666666
1487605551	32.36212833333333	120.55068333333332
1487606898	32.343529	120.560027
1487606930	32.343529	120.560027
1487606962	32.343529	120.560027
1487606965	32.343529	120.560027
1487606967	32.343529	120.560027
1487606970	32.343529	120.560027
1487606973	32.343529	120.560027
1487606975	32.343529	120.560027
1487606977	32.343529	120.560027
1487606980	32.343529	120.560027
1487606982	32.343529	120.560027
1487606985	32.343529	120.560027
1487606988	32.343529	120.560027
1487606990	32.343529	120.560027
1487606993	32.343529	120.560027
1487606995	32.343529	120.560027
1487606998	32.343529	120.560027
1487607000	32.343529	120.560027
1487607002	32.343529	120.560027
1487607005	32.341882	120.552214
1487607007	32.341882	120.552214
1487607010	32.34146666666666	120.55243
1487607012	32.341525000000004	120.55241666666667
1487607015	32.341535	120.55240166666665
1487607018	32.34153833333333	120.55239833333331
1487607020	32.34155666666666	120.55239166666667
1487607023	32.341548333333336	120.55239166666667
1487607025	32.34155333333333	120.55240166666665
1487607028	32.34155833333333	120.55242000000001
1487607031	32.34155666666666	120.55242166666667
1487607034	32.341559999999994	120.55242333333332
1487607036	32.341555	120.55242333333332
1487607038	32.34155166666667	120.55242166666667
1487607072	32.341465	120.55238833333333
1487607104	32.34149333333333	120.55239166666667
1487607136	32.341498333333334	120.55239000000002
1487607168	32.341498333333334	120.55239000000002
1487607200	32.341498333333334	120.55239000000002
1487607232	32.341498333333334	120.55239000000002
1487607263	32.341498333333334	120.55239000000002
1487607296	32.341498333333334	120.55239000000002
1487607328	32.341498333333334	120.55239000000002
1487607359	32.341498333333334	120.55239000000002
1487607391	32.341525000000004	120.55234999999999
1487607422	32.341525000000004	120.55234999999999
1487607455	32.341525000000004	120.55234999999999
1487607487	32.341525000000004	120.55234999999999
1487607519	32.341525000000004	120.55234999999999
1487607550	32.341525000000004	120.55234999999999
1487607582	32.341525000000004	120.55234999999999
1487607615	32.341525000000004	120.55234999999999
1487607647	32.341525000000004	120.55234999999999
1487607678	32.3416	120.55250333333333
1487607710	32.341505	120.55259166666669
1487607742	32.341235	120.55283
1487607774	32.341366666666666	120.55337499999999
1487607806	32.341831666666664	120.55442833333333
1487607838	32.34231833333333	120.55590500000001
1487607870	32.3429	120.55749333333333
1487607901	32.34365833333333	120.55935666666667
1487610355	32.36084666666667	120.54855
1487610358	32.360785	120.54855500000001
1487610360	32.360775	120.54855500000001
1487610362	32.360699999999994	120.54858333333335
1487610365	32.360710000000005	120.54858666666665
1487610367	32.360746666666664	120.54859833333333
1487610369	32.36074166666666	120.54857166666667
1487610372	32.36074	120.54856833333334
1487610375	32.36073833333333	120.54855333333334
1487610377	32.36075833333334	120.54859166666665
1487610380	32.36076833333333	120.54861000000001
1487610382	32.36076833333333	120.54860500000001
1487610385	32.36077833333333	120.54859166666665
1487610388	32.36077833333333	120.54859166666665
1487610390	32.36077833333333	120.54859166666665
1487610393	32.36077833333333	120.54859166666665
1487610396	32.36077833333333	120.54859166666665
1487610398	32.36077833333333	120.54859166666665
1487610400	32.36077833333333	120.54859166666665
1487610403	32.36077833333333	120.54859166666665
1487610406	32.36077833333333	120.54859166666665
1487610408	32.36077833333333	120.54859166666665
1487610410	32.36077833333333	120.54859166666665
1487610413	32.36077833333333	120.54859166666665
1487610415	32.36077833333333	120.54859166666665
1487610418	32.36077833333333	120.54859166666665
1487610420	32.36077833333333	120.54859166666665
1487610423	32.36078333333333	120.54854500000002
1487610425	32.36078666666666	120.54855
1487610428	32.360789999999994	120.54854333333333
1487610430	32.36078833333333	120.54854166666668
1487610463	32.36074166666666	120.54850666666668
1487610495	32.360728333333334	120.54848666666666
1487610526	32.360726666666665	120.548495
1487610558	32.360710000000005	120.54849833333334
1487610592	32.360726666666665	120.54848666666666
1487610623	32.360726666666665	120.54848666666666
1487610656	32.360776666666666	120.54851833333332
1487610688	32.36073	120.54851333333333
1487610720	32.36069833333333	120.54845333333333
1487610754	32.35934833333333	120.54571333333334
1487610786	32.35766666666667	120.54152666666666
1487610817	32.35631	120.53740666666666
1487610849	32.354441666666666	120.53097000000001
1487610881	32.353809999999996	120.52859166666667
1487610915	32.351803333333336	120.52251333333334
1487610947	32.3488	120.51483666666667
1487610979	32.345623333333336	120.50751333333334
1487611011	32.34209333333333	120.50033
1487611043	32.339913333333335	120.49636666666666
1487611077	32.33989666666666	120.49634499999999
1487611109	32.33855666666667	120.49667833333334
1487611140	32.33360666666667	120.49970499999999
1487611172	32.32800333333333	120.50412
1487611204	32.32347	120.50855666666666
1487611238	32.32293	120.50866833333333
1487611270	32.32295666666666	120.50859833333334
1487611302	32.32295666666666	120.50859833333334
1487611334	32.32295666666666	120.50859833333334
1487611366	32.32295666666666	120.50859833333334
1487612709	32.322034	120.510297
1487612740	32.32288833333334	120.50861333333333
1487612772	32.322779999999995	120.50837500000002
1487612804	32.322945	120.50867333333332
1487612835	32.32293833333333	120.50872666666667
1487612839	32.32293666666667	120.50883
1487612841	32.32295833333333	120.50887333333334
1487612844	32.32298166666667	120.50894500000001
1487612846	32.323006666666664	120.50898666666666
1487612849	32.32304166666667	120.50903500000001
1487612852	32.32309166666666	120.50907666666666
1487612855	32.323215	120.50909000000001
1487612857	32.323346666666666	120.50896166666668
1487612860	32.32344666666667	120.50883666666665
1487612863	32.32363	120.50861333333333
1487612865	32.323843333333336	120.50837666666666
1487612868	32.32407333333333	120.50812166666668
1487612870	32.32424	120.50794833333333
1487612873	32.324418333333334	120.50776666666667
1487612876	32.324693333333336	120.50747666666666
1487612878	32.32497333333333	120.50718833333333
1487612880	32.32516666666667	120.50699166666666
1487612883	32.32547	120.50669
1487612885	32.325675000000004	120.50648333333332
1487612888	32.32599666666667	120.50616166666666
1487612892	32.32621833333334	120.50594000000001
1487612896	32.326663333333336	120.50550999999999
1487612899	32.327130000000004	120.50506833333333
1487612906	32.32748333333333	120.50473833333332
1487612911	32.32842333333333	120.50388999999998
1487612916	32.32901833333334	120.50337499999999
1487612919	32.329498333333326	120.50295333333334
1487612922	32.32986666666667	120.50264333333334
1487612925	32.33023333333333	120.50234
1487612927	32.330603333333336	120.50205
1487612961	32.335211666666666	120.498795
1487612993	32.33948833333333	120.49644166666667
1487613025	32.341723333333334	120.49985999999998
1487613057	32.344566666666665	120.50544833333333
1487613088	32.34692666666667	120.510915
1487613122	32.34941666666667	120.51695666666667
1487613155	32.35176333333333	120.52273166666667
1487613186	32.35249666666667	120.52458333333334
1487613218	32.35391333333334	120.52915333333334
1487613250	32.35547999999999	120.53438999999999
1487613285	32.356926666666666	120.53954999999999
1487613317	32.358410000000006	120.54397333333333
1487613349	32.359156666666664	120.54591166666665
1487613381	32.360955	120.54508499999999
1487613413	32.361961666666666	120.54436
1487613447	32.36101	120.54332833333335
1487613478	32.360425	120.54326166666667
1487613510	32.360335	120.54321333333334
1487613542	32.36051333333333	120.543065
1487613573	32.36060333333333	120.54297833333334
1487613607	32.360566666666664	120.54295166666667
1487613639	32.360566666666664	120.54295166666667
1487613670	32.36060166666667	120.54308166666667
1487613703	32.360623333333336	120.542935
1487613734	32.360623333333336	120.542935
1487617699	32.361475000000006	120.54791500000002
1487617702	32.36148166666667	120.54791666666667
1487617704	32.36147166666667	120.54789666666666
1487617706	32.361488333333334	120.54787
1487617708	32.36148333333333	120.547895
1487617711	32.36147833333334	120.54792
1487617713	32.36147666666667	120.54792166666667
1487617716	32.36142666666667	120.54781999999999
1487617718	32.36141	120.54778166666668
1487617720	32.36141	120.54776500000001
1487617723	32.361405	120.54778666666668
1487617725	32.361405	120.54779333333333
1487617728	32.361403333333335	120.54779500000001
1487617730	32.361403333333335	120.54779500000001
1487617733	32.361403333333335	120.54779500000001
1487617735	32.361403333333335	120.54779500000001
1487617738	32.361403333333335	120.54779500000001
1487617741	32.361403333333335	120.54779500000001
1487617743	32.361403333333335	120.54779500000001
1487617746	32.361403333333335	120.54779500000001
1487617748	32.361403333333335	120.54779500000001
1487617751	32.361403333333335	120.54779500000001
1487617753	32.361403333333335	120.54779500000001
1487617756	32.361403333333335	120.54779500000001
1487617758	32.361403333333335	120.54779500000001
1487617761	32.361403333333335	120.54779500000001
1487617764	32.361403333333335	120.54779500000001
1487617767	32.361403333333335	120.54779500000001
1487617769	32.361403333333335	120.54779500000001
1487617771	32.361403333333335	120.54779500000001
1487617774	32.361403333333335	120.54779500000001
1487617807	32.361403333333335	120.54779500000001
1487617839	32.361374999999995	120.54769833333333
1487617871	32.36085666666667	120.547955
1487617903	32.36058333333334	120.54780166666666
1487617937	32.36010833333333	120.54675666666665
1487617969	32.359605	120.54585666666665
1487618001	32.35935666666667	120.54624666666665
1487618033	32.361268333333335	120.55034166666668
1487618065	32.359339999999996	120.55227833333332
1487618099	32.35534166666666	120.55410166666667
1487618131	32.351753333333335	120.55604333333333
1487618164	32.34871166666667	120.55814333333335
1487618195	32.34588833333333	120.56032166666667
1487618228	32.34556	120.560595
1487618262	32.345103333333334	120.56097833333334
1487618293	32.344613333333335	120.56121
1487618325	32.344335	120.56221333333333
1487618357	32.34503333333334	120.56145
1487618389	32.347445	120.55942833333332
1487618423	32.3503	120.55724666666669
1487618454	32.35407166666666	120.55496
1487618486	32.35793833333333	120.55318666666666
1487618518	32.36091166666667	120.55169833333333
1487618549	32.36132666666666	120.551495
1487621462	32.372426	120.55512
1487621494	32.372426	120.55512
1487621526	32.372386666666664	120.55516333333335
1487621558	32.372364999999995	120.55522500000001
1487621590	32.372326666666666	120.55522333333332
1487621625	32.37229166666667	120.55511833333334
1487621657	32.37226833333333	120.55502833333334
1487621690	32.372274999999995	120.55489333333335
1487621722	32.372265	120.55487
1487621755	32.37226666666666	120.55483833333334
1487621790	32.37227666666667	120.55500666666667
1487621822	32.37226	120.554685
1487621854	32.37229166666667	120.55482666666667
1487621886	32.37229166666667	120.55489833333334
1487621918	32.37229166666667	120.55490999999999
1487621952	32.37228	120.55497666666666
1487621985	32.37226	120.55489833333334
1487622018	32.37226	120.55504166666667
1487622050	32.37226833333333	120.55512333333333
1487622081	32.37226833333333	120.55512333333333
1487622116	32.37226833333333	120.55512333333333
1487622148	32.372274999999995	120.55501000000001
1487622180	32.37228666666667	120.55509833333332
1487622212	32.372323333333334	120.55518166666667
1487622244	32.37231666666666	120.555195
1487622279	32.372315	120.55516000000001
1487622311	32.372315	120.55516000000001
1487622343	32.372305	120.55513833333335
1487622375	32.372278333333334	120.55485333333333
1487622407	32.372281666666666	120.55492166666666
1487624898	32.372415	120.555225
1487624930	32.372415	120.555225
1487624932	32.372415	120.555225
1487624934	32.372415	120.555225
1487624937	32.372415	120.555225
1487624939	32.372415	120.555225
1487624942	32.372415	120.555225
1487624944	32.372415	120.555225
1487624946	32.372415	120.555225
1487624949	32.372415	120.555225
1487624952	32.372415	120.555225
1487624954	32.372415	120.555225
1487624956	32.372415	120.555225
1487624959	32.372415	120.555225
1487624962	32.372415	120.555225
1487624964	32.372415	120.555225
1487624967	32.372415	120.555225
1487624969	32.372415	120.555225
1487624972	32.372415	120.555225
1487624974	32.372415	120.555225
1487624977	32.372415	120.555225
1487624979	32.372415	120.555225
1487624982	32.372415	120.555225
1487624985	32.372415	120.555225
1487624987	32.372415	120.555225
1487624990	32.372415	120.555225
1487624992	32.372415	120.555225
1487624995	32.372415	120.555225
1487624997	32.372415	120.555225
1487625000	32.372415	120.555225
1487625003	32.372415	120.555225
1487625005	32.372415	120.555225
1487625039	32.372415	120.555225
1487625071	32.372415	120.555225
1487625109	32.372035	120.555201
1487625142	32.372035	120.555201
1487625174	32.372035	120.555201
1487625206	32.372035	120.555201
1487625237	32.372035	120.555201
1487625269	32.372035	120.555201
1487625313	32.372035	120.555201
1487625355	32.372035	120.555201
1487625386	32.372035	120.555201
1487625418	32.372035	120.555201
1487625450	32.372035	120.555201
1487625484	32.372035	120.555201
1487625516	32.372035	120.555201
1487625548	32.372035	120.555201
1487625580	32.372035	120.555201
1487625612	32.372035	120.555201
1487625652	32.372383	120.555036
1487625684	32.372383	120.555036
1487625726	32.372383	120.555036
1487625758	32.372383	120.555036
1487625789	32.372375000000005	120.55455500000001
1487625824	32.372213333333335	120.555285
1487625862	32.372245	120.55532666666667
1487625894	32.372305	120.55525666666666
1487625926	32.372245	120.55539500000002
1487625968	32.372245	120.55539500000002
