1487587347	31.3064	120.632581
1487587354	31.3064	120.632581
1487587366	31.3064	120.632581
1487587368	31.3064	120.632581
1487587370	31.3064	120.632581
1487587383	31.3064	120.632581
1487587385	31.3064	120.632581
1487587392	31.3064	120.632581
1487587434	31.3064	120.632581
1487587470	31.3064	120.632581
1487587502	31.3064	120.632581
1487587545	31.3064	120.632581
1487587582	31.3064	120.632581
1487587613	31.3064	120.632581
1487587660	31.3064	120.632581
1487587692	31.3064	120.632581
1487587723	31.3064	120.632581
1487587759	31.3064	120.632581
1487587800	31.306404	120.632576
1487587831	31.306404	120.632576
1487587869	31.306404	120.632576
1487587900	31.306404	120.632576
1487587931	31.306404	120.632576
1487587962	31.306404	120.632576
1487587993	31.306404	120.632576
1487588025	31.306404	120.632576
1487588056	31.306404	120.632576
1487588087	31.306404	120.632576
1487588118	31.306404	120.632576
1487588159	31.306404	120.632576
1487588194	31.306404	120.632576
1487588231	31.306404	120.632576
1487588262	31.306404	120.632576
1487588293	31.306404	120.632576
1487588324	31.306404	120.632576
1487589476	31.306399	120.632576
1487589507	31.306399	120.632576
1487589538	31.306399	120.632576
1487589569	31.306399	120.632576
1487589600	31.306399	120.632576
1487589633	31.306399	120.632576
1487589664	31.306399	120.632576
1487589695	31.306399	120.632576
1487589726	31.306399	120.632576
1487589757	31.306399	120.632576
1487589790	31.306399	120.632576
1487589821	31.306399	120.632576
1487589852	31.306399	120.632576
1487589883	31.306399	120.632576
1487589914	31.306399	120.632576
1487589947	31.306399	120.632576
1487589978	31.306399	120.632576
1487590009	31.306399	120.632576
1487590040	31.306399	120.632576
1487590072	31.306399	120.632576
1487590104	31.306399	120.632576
1487590136	31.306399	120.632576
1487590166	31.306399	120.632576
1487590198	31.306399	120.632576
1487590229	31.306399	120.632576
1487590262	31.306399	120.632576
1487590293	31.306399	120.632576
1487590324	31.306399	120.632576
1487590355	31.306399	120.632576
1487590386	31.306399	120.632576
1487590698	31.306404	120.632576
1487590731	31.306404	120.632576
1487590762	31.306404	120.632576
1487590793	31.306404	120.632576
1487590825	31.306404	120.632576
1487590857	31.306404	120.632576
1487590889	31.306404	120.632576
1487590921	31.306404	120.632576
1487590958	31.306404	120.632576
1487590994	31.306404	120.632576
1487591029	31.306404	120.632576
1487591060	31.306404	120.632576
1487591067	31.306404	120.632576
1487591069	31.306404	120.632576
1487591077	31.306404	120.632576
1487591080	31.306404	120.632576
1487591083	31.306404	120.632576
1487591085	31.306404	120.632576
1487591088	31.306404	120.632576
1487591091	31.306404	120.632576
1487591093	31.306404	120.632576
1487591095	31.306404	120.632576
1487591103	31.306404	120.632576
1487591106	31.306404	120.632576
1487591114	31.306404	120.632576
1487591116	31.306404	120.632576
1487591118	31.306404	120.632576
1487591121	31.306404	120.632576
1487591123	31.306404	120.632576
1487591125	31.306404	120.632576
1487591127	31.306404	120.632576
1487591129	31.306404	120.632576
1487591131	31.306404	120.632576
1487591133	31.306404	120.632576
1487591135	31.306404	120.632576
1487591137	31.306404	120.632576
1487591140	31.306404	120.632576
1487591142	31.306404	120.632576
1487591144	31.306404	120.632576
1487591146	31.306404	120.632576
1487591148	31.306404	120.632576
1487591150	31.306404	120.632576
1487591183	31.306404	120.632576
1487591214	31.306404	120.632576
1487591245	31.306404	120.632576
1487591278	31.306404	120.632576
1487591309	31.306404	120.632576
1487591341	31.306404	120.632576
1487591382	31.306404	120.632576
1487591413	31.306404	120.632576
1487591446	31.306404	120.632576
1487591477	31.306404	120.632576
1487591508	31.306404	120.632576
1487591544	31.306404	120.632576
1487591575	31.306404	120.632576
1487591608	31.306404	120.632576
1487591639	31.306404	120.632576
1487591676	31.306404	120.632576
1487591712	31.306404	120.632576
1487591743	31.306404	120.632576
1487592925	31.306399	120.632576
1487592956	31.306399	120.632576
1487592987	31.306399	120.632576
1487593018	31.306399	120.632576
1487593049	31.306399	120.632576
1487593083	31.306399	120.632576
1487593114	31.306399	120.632576
1487593145	31.306399	120.632576
1487593147	31.306399	120.632576
1487593149	31.306399	120.632576
1487593151	31.306399	120.632576
1487593153	31.306399	120.632576
1487593155	31.306399	120.632576
1487593157	31.306399	120.632576
1487593159	31.306399	120.632576
1487593161	31.306399	120.632576
1487593163	31.306399	120.632576
1487593165	31.306399	120.632576
1487593167	31.306399	120.632576
1487593170	31.306399	120.632576
1487593172	31.306399	120.632576
1487593174	31.306399	120.632576
1487593176	31.306399	120.632576
1487593178	31.306399	120.632576
1487593180	31.306399	120.632576
1487593182	31.306399	120.632576
1487593184	31.306399	120.632576
1487593187	31.306399	120.632576
1487593189	31.306399	120.632576
1487593191	31.306399	120.632576
1487593193	31.306399	120.632576
1487593195	31.306399	120.632576
1487593197	31.306399	120.632576
1487593199	31.306399	120.632576
1487593201	31.306399	120.632576
1487593203	31.306399	120.632576
1487593205	31.306399	120.632576
1487593207	31.306399	120.632576
1487593241	31.306399	120.632576
1487593272	31.306399	120.632576
1487593306	31.306399	120.632576
1487593337	31.306399	120.632576
1487593368	31.306399	120.632576
1487593399	31.306399	120.632576
1487593430	31.306399	120.632576
1487593463	31.306399	120.632576
1487593494	31.306399	120.632576
1487593525	31.306399	120.632576
1487593556	31.306399	120.632576
1487593587	31.306399	120.632576
1487593622	31.306399	120.632576
1487593653	31.306399	120.632576
1487593684	31.306399	120.632576
1487593715	31.306399	120.632576
1487593746	31.306399	120.632576
1487593779	31.306399	120.632576
1487593810	31.306399	120.632576
1487593841	31.306399	120.632576
1487593872	31.306399	120.632576
1487593904	31.306399	120.632576
1487594149	31.306404	120.632576
1487594185	31.306404	120.632576
1487594216	31.306404	120.632576
1487594219	31.306404	120.632576
1487594221	31.306404	120.632576
1487594223	31.306404	120.632576
1487594225	31.306404	120.632576
1487594237	31.306404	120.632576
1487594244	31.306404	120.632576
1487594251	31.306404	120.632576
1487594253	31.306404	120.632576
1487594255	31.306404	120.632576
1487594263	31.306404	120.632576
1487594265	31.306404	120.632576
1487594267	31.306404	120.632576
1487594269	31.306404	120.632576
1487594271	31.306404	120.632576
1487594273	31.306404	120.632576
1487594275	31.306404	120.632576
1487594277	31.306404	120.632576
1487594279	31.306404	120.632576
1487594281	31.306404	120.632576
1487594283	31.306404	120.632576
1487594285	31.306404	120.632576
1487594288	31.306404	120.632576
1487594295	31.306404	120.632576
1487594297	31.306404	120.632576
1487594299	31.306404	120.632576
1487594301	31.306404	120.632576
1487594308	31.306404	120.632576
1487594310	31.306404	120.632576
1487594312	31.306404	120.632576
1487594324	31.306404	120.632576
1487594357	31.306404	120.632576
1487594388	31.306404	120.632576
1487594421	31.306404	120.632576
1487594452	31.306404	120.632576
1487594488	31.306404	120.632576
1487594519	31.306404	120.632576
1487594551	31.306404	120.632576
1487594583	31.306404	120.632576
1487594614	31.306404	120.632576
1487594645	31.306404	120.632576
1487594691	31.306397	120.632584
1487594722	31.306399	120.632576
1487594765	31.306399	120.632576
1487594797	31.306399	120.632576
1487594828	31.306399	120.632576
1487594890	31.306399	120.632576
1487594921	31.306399	120.632576
1487594955	31.306404	120.632576
1487594987	31.306404	120.632576
1487595023	31.306404	120.632576
1487595059	31.306404	120.632576
1487595090	31.306545	120.632604
1487595123	31.306545	120.632604
1487595160	31.306545	120.632604
1487595196	31.306545	120.632604
1487595242	31.306545	120.632604
1487595289	31.306545	120.632604
1487597610	31.30649	120.632592
1487597612	31.30649	120.632592
1487597614	31.30649	120.632592
1487597616	31.30649	120.632592
1487597618	31.30649	120.632592
1487597621	31.30649	120.632592
1487597628	31.30649	120.632592
1487597630	31.30649	120.632592
1487597632	31.30649	120.632592
1487597634	31.30649	120.632592
1487597642	31.30649	120.632592
1487597659	31.30649	120.632592
1487597661	31.30649	120.632592
1487597664	31.30649	120.632592
1487597666	31.30649	120.632592
1487597673	31.30649	120.632592
1487597675	31.30649	120.632592
1487597682	31.30649	120.632592
1487597690	31.30649	120.632592
1487597693	31.30649	120.632592
1487597700	31.30649	120.632592
1487597702	31.30649	120.632592
1487597704	31.30649	120.632592
1487597706	31.30649	120.632592
1487597709	31.30649	120.632592
1487597711	31.30649	120.632592
1487597718	31.30649	120.632592
1487597721	31.30649	120.632592
1487597723	31.30649	120.632592
1487597777	31.30649	120.632592
1487597779	31.30649	120.632592
1487597812	31.30649	120.632592
1487597843	31.30649	120.632592
1487597874	31.30649	120.632592
1487597916	31.30649	120.632592
1487597950	31.30649	120.632592
1487597986	31.30649	120.632592
1487598017	31.3064	120.632581
1487598048	31.3064	120.632581
1487598079	31.3064	120.632581
1487598123	31.3064	120.632581
1487598154	31.3064	120.632581
1487598185	31.306404	120.632576
1487598216	31.306404	120.632576
1487598247	31.306404	120.632576
1487598280	31.306404	120.632576
1487598316	31.306404	120.632576
1487598372	31.306404	120.632576
1487598413	31.306404	120.632576
1487598450	31.306404	120.632576
1487598483	31.306404	120.632576
1487598514	31.306404	120.632576
1487598545	31.306404	120.632576
1487598576	31.306404	120.632576
1487598607	31.306404	120.632576
1487598641	31.3064	120.632581
1487598682	31.3064	120.632581
1487598713	31.3064	120.632581
1487598743	31.3064	120.632581
1487598774	31.3064	120.632581
1487599048	31.294672	120.623361
1487599050	31.294672	120.623361
1487599052	31.294672	120.623361
1487599054	31.294672	120.623361
1487599087	31.294672	120.623361
1487599119	31.294672	120.623361
1487599121	31.294672	120.623361
1487599124	31.294672	120.623361
1487599126	31.294676	120.623407
1487599189	31.294676	120.623407
1487599192	31.294676	120.623407
1487599194	31.294676	120.623407
1487599196	31.294676	120.623407
1487599259	31.294676	120.623407
1487599261	31.294676	120.623407
1487599263	31.294676	120.623407
1487599265	31.294676	120.623407
1487599327	31.294676	120.623407
1487599329	31.294676	120.623407
1487599332	31.294676	120.623407
1487599335	31.294676	120.623407
1487599377	31.294676	120.623407
1487599399	31.294676	120.623407
1487599401	31.294676	120.623407
1487599404	31.294676	120.623407
1487599416	31.294676	120.623407
1487599467	31.294676	120.623407
1487599469	31.294676	120.623407
1487599472	31.294676	120.623407
1487599479	31.294676	120.623407
1487599976	31.294658	120.623328
1487600007	31.294658	120.623328
1487600038	31.294658	120.623328
1487600069	31.294658	120.623328
1487600101	31.294658	120.623328
1487600135	31.294658	120.623328
1487600167	31.294658	120.623328
1487600199	31.294658	120.623328
1487600230	31.294658	120.623328
1487600266	31.294658	120.623328
1487600300	31.294658	120.623328
1487600332	31.294658	120.623328
1487600364	31.294658	120.623328
1487600395	31.294658	120.623328
1487600426	31.294658	120.623328
1487600464	31.294658	120.623328
1487600496	31.294658	120.623328
1487600528	31.294658	120.623328
1487600559	31.294658	120.623328
1487600590	31.294658	120.623328
1487600624	31.294658	120.623328
1487600655	31.294658	120.623328
1487600686	31.294658	120.623328
1487600717	31.294658	120.623328
1487600748	31.294658	120.623328
1487600782	31.294658	120.623328
1487600813	31.294658	120.623328
1487600844	31.294658	120.623328
1487600876	31.294658	120.623328
1487600907	31.294677	120.623404
1487601689	31.294649	120.623354
1487601721	31.294649	120.623354
1487601978	31.294649	120.623354
1487602109	31.294677	120.623404
1487602111	31.294677	120.623404
1487602113	31.294677	120.623404
1487602114	31.294649	120.623354
1487602115	31.294677	120.623404
1487602118	31.294677	120.623404
1487602120	31.294677	120.623404
1487602122	31.294677	120.623404
1487602125	31.294677	120.623404
1487602127	31.294677	120.623404
1487602129	31.294677	120.623404
1487602131	31.294677	120.623404
1487602134	31.294677	120.623404
1487602136	31.294677	120.623404
1487602138	31.294677	120.623404
1487602141	31.294677	120.623404
1487602143	31.294677	120.623404
1487602145	31.294677	120.623404
1487602148	31.294677	120.623404
1487602151	31.294677	120.623404
1487602153	31.294677	120.623404
1487602156	31.294677	120.623404
1487602158	31.294677	120.623404
1487602160	31.294677	120.623404
1487602162	31.294677	120.623404
1487602165	31.294677	120.623404
1487602167	31.294677	120.623404
1487602169	31.294677	120.623404
1487602171	31.294677	120.623404
1487602174	31.294677	120.623404
1487602176	31.294677	120.623404
1487602178	31.294677	120.623404
1487602212	31.294677	120.623404
1487602243	31.294677	120.623404
1487602274	31.294677	120.623404
1487602280	31.294649	120.623354
1487602306	31.294677	120.623404
1487602321	31.294649	120.623354
1487602323	31.294649	120.623354
1487602327	31.294649	120.623354
1487602329	31.294649	120.623354
1487602332	31.294649	120.623354
1487602340	31.294677	120.623404
1487602342	31.294682	120.623399
1487602349	31.294682	120.623399
1487602353	31.294682	120.623399
1487602356	31.294682	120.623399
1487602358	31.294682	120.623399
1487602361	31.294682	120.623399
1487602363	31.294682	120.623399
1487602366	31.294682	120.623399
1487602369	31.294682	120.623399
1487602371	31.294677	120.623404
1487602377	31.294682	120.623399
1487602390	31.294682	120.623399
1487602393	31.294682	120.623399
1487602397	31.294682	120.623399
1487602400	31.294682	120.623399
1487602402	31.294677	120.623404
1487602403	31.294682	120.623399
1487602406	31.294682	120.623399
1487602409	31.294682	120.623399
1487602411	31.294682	120.623399
1487602414	31.294682	120.623399
1487602416	31.294682	120.623399
1487602419	31.294682	120.623399
1487602422	31.294682	120.623399
1487602425	31.294682	120.623399
1487602428	31.294682	120.623399
1487602430	31.294682	120.623399
1487602433	31.294682	120.623399
1487602433	31.294677	120.623404
1487602465	31.294677	120.623404
1487602467	31.294682	120.623399
1487602499	31.294682	120.623399
1487602499	31.294677	120.623404
1487602531	31.294679	120.623306
1487602531	31.294677	120.623404
1487602562	31.294679	120.623306
1487602562	31.294677	120.623404
1487602593	31.294677	120.623404
1487602597	31.294679	120.623306
1487602625	31.294677	120.623404
1487602628	31.294679	120.623306
1487602660	31.294679	120.623306
1487602661	31.294677	120.623404
1487602693	31.294679	120.623306
1487602694	31.294677	120.623404
1487602725	31.294679	120.623306
1487602736	31.294677	120.623404
1487602762	31.294679	120.623319
1487602767	31.294677	120.623404
1487602793	31.294679	120.623319
1487602799	31.294677	120.623404
1487602825	31.294679	120.623319
1487602833	31.294677	120.623404
1487602865	31.294677	120.623404
1487602868	31.294679	120.623319
1487602896	31.294677	120.623404
1487602911	31.294677	120.623393
1487602928	31.294677	120.623404
1487602947	31.294677	120.623393
1487602959	31.294677	120.623404
1487602978	31.294679	120.623372
1487602996	31.294677	120.623404
1487603013	31.294679	120.623372
1487603027	31.29468	120.623446
1487603046	31.294679	120.623372
1487603059	31.29468	120.623446
1487603077	31.294682	120.623367
1487603090	31.29468	120.623446
1487603117	31.294682	120.623367
1487603123	31.29468	120.623446
1487603149	31.294682	120.623367
1487603180	31.294682	120.623367
1487603212	31.294682	120.623367
1487603244	31.294682	120.623367
1487605193	31.294674	120.623386
1487605225	31.294674	120.623386
1487605256	31.294674	120.623386
1487605288	31.294674	120.623386
1487605319	31.294675	120.62341
1487605355	31.294675	120.62341
1487605387	31.294675	120.62341
1487605418	31.294675	120.62341
1487605450	31.294675	120.62341
1487605481	31.294675	120.62341
1487605515	31.294675	120.62341
1487605547	31.294675	120.62341
1487605580	31.294675	120.62341
1487605582	31.294675	120.62341
1487605584	31.294675	120.62341
1487605586	31.294675	120.62341
1487605589	31.294675	120.62341
1487605591	31.294675	120.62341
1487605593	31.294675	120.62341
1487605596	31.294675	120.62341
1487605598	31.294675	120.62341
1487605600	31.294675	120.62341
1487605602	31.294675	120.62341
1487605605	31.294675	120.62341
1487605607	31.294675	120.62341
1487605609	31.294682	120.623367
1487605609	31.294675	120.62341
1487605611	31.294675	120.62341
1487605614	31.294675	120.62341
1487605616	31.294675	120.62341
1487605619	31.294675	120.62341
1487605621	31.294675	120.62341
1487605623	31.294675	120.62341
1487605625	31.294675	120.62341
1487605628	31.294675	120.62341
1487605630	31.294675	120.62341
1487605632	31.294675	120.62341
1487605635	31.294675	120.62341
1487605637	31.294675	120.62341
1487605639	31.294675	120.62341
1487605640	31.294682	120.623367
1487605641	31.294675	120.62341
1487605642	31.294682	120.623367
1487605643	31.294675	120.62341
1487605645	31.294682	120.623367
1487605646	31.294675	120.62341
1487605647	31.294682	120.623367
1487605648	31.294675	120.62341
1487605682	31.294675	120.62341
1487605716	31.294675	120.62341
1487605750	31.294675	120.62341
1487605782	31.294675	120.62341
1487605813	31.294675	120.62341
1487605844	31.294675	120.62341
1487605863	31.294682	120.623367
1487605865	31.294682	120.623367
1487605868	31.294682	120.623367
1487605870	31.294682	120.623367
1487605872	31.294682	120.623367
1487605875	31.294682	120.623367
1487605875	31.294675	120.62341
1487605878	31.294682	120.623367
1487605880	31.294682	120.623367
1487605882	31.294682	120.623367
1487605885	31.294682	120.623367
1487605887	31.294682	120.623367
1487605890	31.294682	120.623367
1487605893	31.294671	120.623397
1487605895	31.294671	120.623397
1487605897	31.294671	120.623397
1487605899	31.294671	120.623397
1487605901	31.294671	120.623397
1487605904	31.294671	120.623397
1487605906	31.294671	120.623397
1487605908	31.294671	120.623397
1487605910	31.294671	120.623397
1487605913	31.294671	120.623397
1487605915	31.294671	120.623397
1487605915	31.294675	120.62341
1487605917	31.294671	120.623397
1487605919	31.294671	120.623397
1487605922	31.294671	120.623397
1487605935	31.294671	120.623397
1487605946	31.294675	120.62341
1487605975	31.294671	120.623397
1487605977	31.294675	120.62341
1487606009	31.294675	120.62341
1487606014	31.294671	120.623397
1487606040	31.294675	120.62341
1487606046	31.294671	120.623397
1487606075	31.294675	120.62341
1487606080	31.294687	120.623331
1487606108	31.294675	120.62341
1487606112	31.294687	120.623331
1487606139	31.294675	120.62341
1487606143	31.294687	120.623331
1487606170	31.294675	120.62341
1487606175	31.294687	120.623331
1487606201	31.294675	120.62341
1487606208	31.294687	120.623331
1487606244	31.294687	120.623331
1487606280	31.294687	120.623331
1487606312	31.294687	120.623331
1487606343	31.294687	120.623331
1487606388	31.294687	120.623331
1487606445	31.294687	120.623331
1487606477	31.29469	120.623535
1487606509	31.29469	120.623535
1487606546	31.29468	120.623347
1487606583	31.29468	120.623347
1487606618	31.294677	120.623361
1487606657	31.294677	120.623361
1487606701	31.294677	120.623361
1487606732	31.294661	120.623307
1487606764	31.294661	120.623307
1487607177	31.296563	120.622922
1487607208	31.296563	120.622922
1487607256	31.296563	120.622922
1487607287	31.29559	120.622703
1487607292	31.29559	120.622703
1487607294	31.29559	120.622703
1487607296	31.29559	120.622703
1487607298	31.29559	120.622703
1487607299	31.29559	120.622703
1487607301	31.29559	120.622703
1487607303	31.29559	120.622703
1487607305	31.29559	120.622703
1487607306	31.29559	120.622703
1487607308	31.29559	120.622703
1487607310	31.29559	120.622703
1487607312	31.29559	120.622703
1487607313	31.29559	120.622703
1487607315	31.29559	120.622703
1487607317	31.29559	120.622703
1487607319	31.29559	120.622703
1487607320	31.29559	120.622703
1487607322	31.29559	120.622703
1487607324	31.29559	120.622703
1487607326	31.29559	120.622703
1487607327	31.29559	120.622703
1487607329	31.29559	120.622703
1487607331	31.29559	120.622703
1487607333	31.29559	120.622703
1487607334	31.29559	120.622703
1487607336	31.29559	120.622703
1487607338	31.29559	120.622703
1487607340	31.29559	120.622703
1487607341	31.29559	120.622703
1487607343	31.29559	120.622703
1487607378	31.29559	120.622703
1487607408	31.29559	120.622703
1487607439	31.29559	120.622703
1487607470	31.29559	120.622703
1487607500	31.29559	120.622703
1487607535	31.29559	120.622703
1487607566	31.29559	120.622703
1487607596	31.29559	120.622703
1487607634	31.29559	120.622703
1487607680	31.294705	120.623479
1487607685	31.29467	120.623321
1487607711	31.294705	120.623479
1487607724	31.29467	120.623321
1487607743	31.294705	120.623479
1487607756	31.29467	120.623321
1487607774	31.294705	120.623479
1487607788	31.294725	120.623909
1487607805	31.294705	120.623479
1487607820	31.294725	120.623909
1487607838	31.294705	120.623479
1487607851	31.294692	120.623373
1487607869	31.294705	120.623479
1487607871	31.294705	120.623479
1487607873	31.294705	120.623479
1487607894	31.294692	120.623373
1487607905	31.294705	120.623479
1487607926	31.294682	120.623484
1487607944	31.294705	120.623479
1487607957	31.294705	120.623479
1487607958	31.294682	120.623484
1487607959	31.294705	120.623479
1487607961	31.294705	120.623479
1487607963	31.294705	120.623479
1487607971	31.294705	120.623479
1487607975	31.294705	120.623479
1487607978	31.294705	120.623479
1487607984	31.294705	120.623479
1487607989	31.294698	120.62385
1487607994	31.294705	120.623479
1487607997	31.294705	120.623479
1487608009	31.294705	120.623479
1487608013	31.294705	120.623479
1487608016	31.294705	120.623479
1487608018	31.294705	120.623479
1487608021	31.294698	120.62385
1487608021	31.294705	120.623479
1487608024	31.294705	120.623479
1487608027	31.294705	120.623479
1487608036	31.294705	120.623479
1487608044	31.294705	120.623479
1487608056	31.294698	120.62385
1487608061	31.294705	120.623479
1487608066	31.294705	120.623479
1487608075	31.294705	120.623479
1487608093	31.294698	120.62385
1487608099	31.294705	120.623479
1487608100	31.294705	120.623479
1487608102	31.294705	120.623479
1487608103	31.294705	120.623479
1487608124	31.294674	120.623439
1487608138	31.294705	120.623479
1487608156	31.294678	120.623393
1487608169	31.294705	120.623479
1487608187	31.294678	120.623393
1487608208	31.294669	120.62329
1487609187	31.294678	120.623385
1487609218	31.294678	120.623385
1487609249	31.294678	120.623385
1487609281	31.294678	120.623385
1487609312	31.294678	120.623385
1487609347	31.294678	120.623385
1487609378	31.294678	120.623385
1487609410	31.294678	120.623385
1487609446	31.294678	120.623385
1487609477	31.294678	120.623385
1487609512	31.294678	120.623385
1487609514	31.294678	120.623385
1487609517	31.294678	120.623385
1487609560	31.294678	120.623385
1487609730	31.294678	120.623385
1487609778	31.294678	120.623385
1487609781	31.294678	120.623385
1487609783	31.294678	120.623385
1487609825	31.294678	120.623385
1487609848	31.29467	120.623346
1487609852	31.29467	120.623346
1487609928	31.29467	120.623346
1487609931	31.29467	120.623346
1487609969	31.29467	120.623346
1487609982	31.29467	120.623346
1487609991	31.29467	120.623346
1487610002	31.29467	120.623346
1487610014	31.29467	120.623346
1487610026	31.29467	120.623346
1487610028	31.29467	120.623346
1487610031	31.29467	120.623346
1487610034	31.29467	120.623346
1487610041	31.294667	120.623369
1487610044	31.294667	120.623369
1487610046	31.294667	120.623369
1487610048	31.294667	120.623369
1487610111	31.294667	120.623369
1487610114	31.294667	120.623369
1487610116	31.294667	120.623369
1487610119	31.294667	120.623369
1487610181	31.294667	120.623369
1487610216	31.294666	120.62325
1487610249	31.294666	120.62325
1487610280	31.294666	120.62325
1487610313	31.294684	120.623284
1487610351	31.294684	120.623284
1487610390	31.294684	120.623284
1487610421	31.294684	120.623284
1487610474	31.294684	120.623284
1487610506	31.294684	120.623284
1487610541	31.294684	120.623284
1487610573	31.294684	120.623284
1487610604	31.294684	120.623284
1487610636	31.294684	120.623284
1487610668	31.294684	120.623284
1487610710	31.294684	120.623284
1487610741	31.294684	120.623284
1487610773	31.294684	120.623284
1487610804	31.294684	120.623284
1487610836	31.294684	120.623284
1487611373	31.294684	120.623284
1487611407	31.294684	120.623446
1487611449	31.294684	120.623446
1487611482	31.294684	120.623446
1487611516	31.294684	120.623446
1487611551	31.294684	120.623446
1487611583	31.294684	120.623446
1487611614	31.294671	120.623397
1487611651	31.294671	120.623397
1487611682	31.294671	120.623397
1487611690	31.294671	120.623397
1487611692	31.294671	120.623397
1487611694	31.294671	120.623397
1487611697	31.294671	120.623397
1487611699	31.294671	120.623397
1487611703	31.294671	120.623397
1487611705	31.294671	120.623397
1487611707	31.294671	120.623397
1487611709	31.294671	120.623397
1487611712	31.294671	120.623397
1487611714	31.294671	120.623397
1487611717	31.294671	120.623397
1487611719	31.294671	120.623397
1487611721	31.294671	120.623397
1487611729	31.294671	120.623397
1487611731	31.294671	120.623397
1487611735	31.294671	120.623397
1487611742	31.294671	120.623397
1487611746	31.294671	120.623397
1487611750	31.294671	120.623397
1487611755	31.294671	120.623397
1487611759	31.294671	120.623397
1487611761	31.294671	120.623397
1487611765	31.294671	120.623397
1487611779	31.294671	120.623397
1487611782	31.294671	120.623397
1487611788	31.294671	120.623397
1487611791	31.294671	120.623397
1487611795	31.294671	120.623397
1487611804	31.294671	120.623397
1487611839	31.294671	120.623397
1487611890	31.294671	120.623397
1487611921	31.294671	120.623397
1487611956	31.294671	120.623397
1487611987	31.294671	120.623397
1487612023	31.294671	120.623397
1487612055	31.294671	120.623397
1487612059	31.294671	120.623405
1487612087	31.294678	120.623361
1487612091	31.294671	120.623405
1487612119	31.294678	120.623361
1487612123	31.294671	120.623405
1487612151	31.294678	120.623361
1487612158	31.294671	120.623405
1487612188	31.294678	120.623361
1487612190	31.294671	120.623405
1487612219	31.294678	120.623361
1487612221	31.294671	120.623405
1487612251	31.294678	120.623361
1487612254	31.294671	120.623405
1487612256	31.294671	120.623405
1487612259	31.294671	120.623405
1487612261	31.294671	120.623405
1487612263	31.294671	120.623405
1487612266	31.294671	120.623405
1487612268	31.294671	120.623405
1487612270	31.294671	120.623405
1487612272	31.294671	120.623405
1487612275	31.294671	120.623405
1487612277	31.294671	120.623405
1487612279	31.294671	120.623405
1487612282	31.294678	120.623361
1487612282	31.294671	120.623405
1487612284	31.294671	120.623405
1487612286	31.294671	120.623405
1487612288	31.294671	120.623405
1487612290	31.294671	120.623405
1487612293	31.294671	120.623405
1487612295	31.294671	120.623405
1487612299	31.294671	120.623405
1487612303	31.294671	120.623405
1487612305	31.294671	120.623405
1487612308	31.294671	120.623405
1487612311	31.294671	120.623405
1487612314	31.294678	120.623361
1487612314	31.294671	120.623405
1487612316	31.294671	120.623405
1487612319	31.294671	120.623405
1487612321	31.294671	120.623405
1487612324	31.294671	120.623405
1487612326	31.294671	120.623405
1487612328	31.294671	120.623405
1487612350	31.294678	120.623361
1487612364	31.294671	120.623405
1487612381	31.294678	120.623361
1487612399	31.294671	120.623405
1487612416	31.294678	120.623361
1487612430	31.294671	120.623405
1487612448	31.294678	120.623361
1487612462	31.294671	120.623405
1487612483	31.294678	120.623361
1487612493	31.294671	120.623405
1487612525	31.294671	120.623405
1487612560	31.294671	120.623405
1487612591	31.294671	120.623405
1487612623	31.294671	120.623405
1487612654	31.294671	120.623405
1487612686	31.294671	120.623405
1487612721	31.294671	120.623405
1487612752	31.294671	120.623405
1487612784	31.294671	120.623405
1487612815	31.294671	120.623405
1487612846	31.294671	120.623405
1487612882	31.294671	120.623405
1487612913	31.294671	120.623405
1487612945	31.294671	120.623405
1487612977	31.294671	120.623405
1487613008	31.294671	120.623405
1487614542	31.294604	120.624685
1487614573	31.294604	120.624685
1487614604	31.294604	120.624685
1487614636	31.294604	120.624685
1487614667	31.294604	120.624685
1487614701	31.294604	120.624685
1487614703	31.294604	120.624685
1487614705	31.294604	120.624685
1487614708	31.294604	120.624685
1487614711	31.294604	120.624685
1487614718	31.294604	120.624685
1487614721	31.294604	120.624685
1487614723	31.294685	120.623333
1487614725	31.294685	120.623333
1487614728	31.294685	120.623333
1487614730	31.294685	120.623333
1487614732	31.294685	120.623333
1487614734	31.294685	120.623333
1487614736	31.294685	120.623333
1487614739	31.294685	120.623333
1487614741	31.294685	120.623333
1487614744	31.294685	120.623333
1487614747	31.294685	120.623333
1487614749	31.294685	120.623333
1487614758	31.294685	120.623333
1487614767	31.294685	120.623333
1487614770	31.294685	120.623333
1487614774	31.294685	120.623333
1487614776	31.294685	120.623333
1487614779	31.294685	120.623333
1487614781	31.294685	120.623333
1487614783	31.294685	120.623333
1487614785	31.294685	120.623333
1487614787	31.294685	120.623333
1487614789	31.294685	120.623333
1487614792	31.294685	120.623333
1487614826	31.294685	120.623333
1487614857	31.294685	120.623333
1487614888	31.294685	120.623333
1487614920	31.294685	120.623333
1487614954	31.294685	120.623333
1487614985	31.294685	120.623333
1487615016	31.294685	120.623333
1487615053	31.294685	120.623333
1487615085	31.294685	120.623333
1487615119	31.294685	120.623333
1487615151	31.294685	120.623333
1487615182	31.294685	120.623333
1487615213	31.294685	120.623333
1487615245	31.294685	120.623333
1487615279	31.294686	120.623394
1487615311	31.2947	120.623397
1487615345	31.2947	120.623397
1487615391	31.294733	120.623767
1487615429	31.294733	120.623767
1487615461	31.294676	120.623397
1487615463	31.294676	120.623397
1487615464	31.294733	120.623767
1487615465	31.294676	120.623397
1487615468	31.294676	120.623397
1487615470	31.294676	120.623397
1487615471	31.294676	120.623397
1487615473	31.294676	120.623397
1487615475	31.294676	120.623397
1487615477	31.294676	120.623397
1487615479	31.294676	120.623397
1487615481	31.294676	120.623397
1487615483	31.294676	120.623397
1487615485	31.294676	120.623397
1487615487	31.294676	120.623397
1487615489	31.294676	120.623397
1487615491	31.294676	120.623397
1487615493	31.294676	120.623397
1487615495	31.294676	120.623397
1487615497	31.294676	120.623397
1487615499	31.294676	120.623397
1487615501	31.294676	120.623397
1487615502	31.294678	120.623394
1487615503	31.294676	120.623397
1487615505	31.294676	120.623397
1487615507	31.294676	120.623397
1487615509	31.294676	120.623397
1487615511	31.294676	120.623397
1487615513	31.294676	120.623397
1487615515	31.294676	120.623397
1487615517	31.294676	120.623397
1487615519	31.294676	120.623397
1487615521	31.294676	120.623397
1487615534	31.294678	120.623394
1487615556	31.294676	120.623397
1487615572	31.294678	120.623394
1487615587	31.294676	120.623397
1487615618	31.294678	120.623394
1487615618	31.294676	120.623397
1487615649	31.294676	120.623397
1487615684	31.294676	120.623397
1487615715	31.294676	120.623397
1487615746	31.294676	120.623397
1487615777	31.294676	120.623397
1487615808	31.294676	120.623397
1487615842	31.294676	120.623397
1487615874	31.294676	120.623397
1487615907	31.294676	120.623397
1487615946	31.294676	120.623397
1487616007	31.294676	120.623397
1487616046	31.294676	120.623397
1487616103	31.294676	120.623397
1487616134	31.294682	120.623418
1487616166	31.294682	120.623418
1487616198	31.294682	120.623418
1487616232	31.294673	120.623415
1487616266	31.294673	120.623415
1487616303	31.294673	120.623415
1487616335	31.294673	120.623415
1487616366	31.294673	120.623415
1487616402	31.294673	120.623415
1487616433	31.294714	120.623434
1487616465	31.294714	120.623434
1487616497	31.294714	120.623434
1487616533	31.294714	120.623434
1487618808	31.3064	120.632581
1487618810	31.3064	120.632581
1487618812	31.3064	120.632581
1487618814	31.3064	120.632581
1487618816	31.3064	120.632581
1487618818	31.3064	120.632581
1487618820	31.3064	120.632581
1487618821	31.3064	120.632581
1487618823	31.3064	120.632581
1487618825	31.3064	120.632581
1487618827	31.3064	120.632581
1487618828	31.3064	120.632581
1487618830	31.3064	120.632581
1487618832	31.3064	120.632581
1487618834	31.3064	120.632581
1487618836	31.3064	120.632581
1487618837	31.3064	120.632581
1487618839	31.3064	120.632581
1487618841	31.3064	120.632581
1487618843	31.3064	120.632581
1487618845	31.3064	120.632581
1487618847	31.3064	120.632581
1487618848	31.3064	120.632581
1487618851	31.3064	120.632581
1487618853	31.3064	120.632581
1487618854	31.3064	120.632581
1487618856	31.3064	120.632581
1487618858	31.3064	120.632581
1487618860	31.3064	120.632581
1487618861	31.3064	120.632581
1487618863	31.3064	120.632581
1487618898	31.3064	120.632581
1487618929	31.3064	120.632581
1487618960	31.3064	120.632581
1487618996	31.306404	120.632576
1487619027	31.306404	120.632576
1487619058	31.306404	120.632576
1487619089	31.306404	120.632576
1487619120	31.306404	120.632576
1487619174	31.306404	120.632576
1487619205	31.306413	120.632563
1487619235	31.306413	120.632563
1487619266	31.306413	120.632563
1487619297	31.306413	120.632563
1487619592	31.294675	120.623332
1487619595	31.294675	120.623332
1487619598	31.294675	120.623332
1487619620	31.294675	120.623332
1487619661	31.294675	120.623332
1487619663	31.294675	120.623332
1487619666	31.294675	120.623332
1487619669	31.294675	120.623332
1487619732	31.294675	120.623332
1487619734	31.294671	120.623319
1487619738	31.294671	120.623319
1487619740	31.294671	120.623319
1487619743	31.294671	120.623319
1487619746	31.294671	120.623319
1487619748	31.294671	120.623319
1487619770	31.294671	120.623319
1487619812	31.29471	120.623497
1487619814	31.29471	120.623497
1487619816	31.29471	120.623497
1487619818	31.29471	120.623497
1487619880	31.29471	120.623497
1487619886	31.29471	120.623497
1487619896	31.29471	120.623497
1487619899	31.29471	120.623497
1487619928	31.29471	120.623497
1487620093	31.29471	120.623497
1487620095	31.29471	120.623497
1487620097	31.29471	120.623497
1487620129	31.29471	120.623497
1487620166	31.294696	120.623373
1487620170	31.294617	120.623416
1487620204	31.294617	120.623416
1487620241	31.294617	120.623416
1487620273	31.294617	120.623416
1487620305	31.294691	120.623833
1487623615	31.304314	120.628748
1487623617	31.304314	120.628748
1487623618	31.304314	120.628748
1487623620	31.304314	120.628748
1487623622	31.304314	120.628748
1487623624	31.304314	120.628748
1487623625	31.304314	120.628748
1487623627	31.304314	120.628748
1487623649	31.304314	120.628748
1487623672	31.304314	120.628748
1487623683	31.304314	120.628748
1487623710	31.304314	120.628748
1487623725	31.304314	120.628748
1487623736	31.304314	120.628748
1487623751	31.304314	120.628748
1487623763	31.304314	120.628748
1487623774	31.304314	120.628748
1487623798	31.304314	120.628748
1487623814	31.304314	120.628748
1487623825	31.304314	120.628748
1487623827	31.304314	120.628748
1487623828	31.304314	120.628748
1487623831	31.304314	120.628748
1487623833	31.304314	120.628748
1487623835	31.304314	120.628748
1487623837	31.304314	120.628748
1487623839	31.304314	120.628748
1487623840	31.304314	120.628748
1487623842	31.304314	120.628748
1487623844	31.304314	120.628748
1487625332	31.294743	120.623458
1487625335	31.294743	120.623458
1487625337	31.294743	120.623458
1487625355	31.294743	120.623458
1487625368	31.294743	120.623458
1487625371	31.294743	120.623458
1487625379	31.294743	120.623458
1487625381	31.294743	120.623458
1487625383	31.294743	120.623458
1487625395	31.294743	120.623458
1487625397	31.294743	120.623458
1487625410	31.294743	120.623458
1487625412	31.294693	120.623461
1487625425	31.294693	120.623461
1487625437	31.294693	120.623461
1487625439	31.29468	120.623386
1487625441	31.29468	120.623386
1487625445	31.29468	120.623386
1487625449	31.29468	120.623386
1487625457	31.29468	120.623386
1487625470	31.29468	120.623386
1487625472	31.29468	120.623386
1487625475	31.29468	120.623386
1487625487	31.29468	120.623386
1487625489	31.29468	120.623386
1487625502	31.29468	120.623386
1487625515	31.294727	120.623398
1487625527	31.294727	120.623398
1487625545	31.294727	120.623398
1487625557	31.294727	120.623398
1487641961	31.294671	120.623358
1487641993	31.294671	120.623358
1487642026	31.294671	120.623358
1487642057	31.294671	120.623358
1487642089	31.294671	120.623358
1487642128	31.294665	120.623379
1487642161	31.294665	120.623379
1487642193	31.294665	120.623379
1487642231	31.294665	120.623379
1487642234	31.294665	120.623379
1487642236	31.294665	120.623379
1487642240	31.294665	120.623379
1487642243	31.294665	120.623379
1487642246	31.294665	120.623379
1487642250	31.294665	120.623379
1487642252	31.294611	120.623477
1487642255	31.294611	120.623477
1487642257	31.294611	120.623477
1487642260	31.294611	120.623477
1487642262	31.294611	120.623477
1487642265	31.294611	120.623477
1487642267	31.294611	120.623477
1487642270	31.294611	120.623477
1487642272	31.294611	120.623477
1487642276	31.294611	120.623477
1487642278	31.294611	120.623477
1487642281	31.294611	120.623477
1487642283	31.294611	120.623477
1487642286	31.294611	120.623477
1487642288	31.294611	120.623477
1487642292	31.294611	120.623477
1487642294	31.294611	120.623477
1487642296	31.294611	120.623477
1487642299	31.294611	120.623477
1487642302	31.294611	120.623477
1487642304	31.294611	120.623477
1487642307	31.294611	120.623477
1487642312	31.294611	120.623477
1487642315	31.294611	120.623477
1487642351	31.294611	120.623477
1487642387	31.294611	120.623477
1487642420	31.294611	120.623477
1487642451	31.294611	120.623477
1487642484	31.294611	120.623477
1487642515	31.294611	120.623477
1487642551	31.294611	120.623477
1487642584	31.294611	120.623477
1487642616	31.294611	120.623477
1487642647	31.294611	120.623477
1487642679	31.294611	120.623477
1487642720	31.294611	120.623477
1487642751	31.294611	120.623477
1487642783	31.294611	120.623477
1487642843	31.294611	120.623477
1487642874	31.294611	120.623477
1487644030	31.294611	120.623477
1487644061	31.294611	120.623477
1487644329	31.294648	120.623489
1487644468	31.294648	120.623489
1487644500	31.294648	120.623489
1487648786	31.294266	120.629612
1487648792	31.294266	120.629612
1487648802	31.294266	120.629612
1487648809	31.294266	120.629612
1487648814	31.294266	120.629612
1487648820	31.294266	120.629612
1487648829	31.294266	120.629612
1487648833	31.294266	120.629612
1487648843	31.294266	120.629612
1487648847	31.294266	120.629612
1487648856	31.294266	120.629612
1487648866	31.294266	120.629612
1487648870	31.294258	120.629698
1487648873	31.294258	120.629698
1487648879	31.294258	120.629698
1487648893	31.294258	120.629698
1487648913	31.294258	120.629698
1487648925	31.294246	120.629679
1487648939	31.294246	120.629679
1487648955	31.294246	120.629679
1487648970	31.294246	120.629679
1487648983	31.294246	120.629679
1487648997	31.294246	120.629679
1487649019	31.294246	120.629679
1487649032	31.294246	120.629679
1487649051	31.294246	120.629679
1487649064	31.294246	120.629679
1487649077	31.294246	120.629679
1487649095	31.294246	120.629679
1487649111	31.294246	120.629679
1487649128	31.294246	120.629679
1487649182	31.294246	120.629679
1487649257	31.294246	120.629679
1487649304	31.294246	120.629679
1487649352	31.294246	120.629679
1487649387	31.294246	120.629679
1487649424	31.294373	120.629548
1487649460	31.294373	120.629548
1487649509	31.294373	120.629548
1487649548	31.294373	120.629548
1487649636	31.294373	120.629548
1487649691	31.294373	120.629548
1487649737	31.294373	120.629548
1487652256	31.294322	120.629519
1487652288	31.294322	120.629519
1487652291	31.294322	120.629519
1487652322	31.294322	120.629519
1487652330	31.294322	120.629519
1487652343	31.294322	120.629519
1487652346	31.29433	120.629624
1487652380	31.29433	120.629624
1487652412	31.29433	120.629624
1487652415	31.29433	120.629624
1487652418	31.29433	120.629624
1487652421	31.29433	120.629624
1487652424	31.29433	120.629624
1487652426	31.29433	120.629624
1487652429	31.29433	120.629624
1487652432	31.29433	120.629624
1487652434	31.29433	120.629624
1487652437	31.29433	120.629624
1487652440	31.29433	120.629624
1487652443	31.29433	120.629624
1487652446	31.29433	120.629624
1487652449	31.29433	120.629624
1487652452	31.29433	120.629624
1487652455	31.29433	120.629624
1487652457	31.29433	120.629624
1487652460	31.29433	120.629624
1487652463	31.29433	120.629624
1487652466	31.29433	120.629624
1487652468	31.29433	120.629624
1487652471	31.29433	120.629624
1487652474	31.29433	120.629624
1487652476	31.29433	120.629624
1487652982	31.29433	120.629624
