1487584014	32.140084	118.745078
1487584047	32.140084	118.745078
1487584079	32.140084	118.745078
1487584112	32.140084	118.745078
1487584144	32.140084	118.745078
1487584854	32.140091	118.745098
1487585012	32.140084	118.745078
1487585044	32.140084	118.745078
1487585076	32.140084	118.745078
1487585108	32.140084	118.745078
1487585141	32.140084	118.745078
1487585175	32.140084	118.745078
1487585207	32.140084	118.745078
1487585245	32.140084	118.745078
1487585277	32.140084	118.745078
1487585309	32.140084	118.745078
1487585342	32.140084	118.745078
1487585380	32.140084	118.745078
1487585418	32.140084	118.745078
1487585451	32.140084	118.745078
1487585481	32.140084	118.745078
1487585525	32.140084	118.745078
1487585557	32.140084	118.745078
1487585595	32.140084	118.745078
1487585628	32.140084	118.745078
1487585661	32.140084	118.745078
1487585695	32.140084	118.745078
1487585728	32.140084	118.745078
1487585760	32.140084	118.745078
1487585797	32.140084	118.745078
1487585829	32.140084	118.745078
1487585847	32.140091	118.745098
1487585868	32.140084	118.745078
1487585905	32.140084	118.745078
1487585937	32.140084	118.745078
1487585969	32.140084	118.745078
1487586001	32.140084	118.745078
1487586302	32.140091	118.745098
1487586721	32.140091	118.745098
1487586882	32.140091	118.745098
1487586888	32.140084	118.745078
1487586921	32.140084	118.745078
1487586953	32.140084	118.745078
1487586985	32.140084	118.745078
1487587017	32.140084	118.745078
1487587052	32.140084	118.745078
1487587084	32.140084	118.745078
1487587116	32.140084	118.745078
1487587151	32.140084	118.745078
1487587154	32.140084	118.745078
1487587157	32.140084	118.745078
1487587165	32.140084	118.745078
1487587168	32.140084	118.745078
1487587171	32.140084	118.745078
1487587175	32.140084	118.745078
1487587177	32.140084	118.745078
1487587180	32.140084	118.745078
1487587183	32.140084	118.745078
1487587186	32.140084	118.745078
1487587189	32.140084	118.745078
1487587192	32.140084	118.745078
1487587196	32.140084	118.745078
1487587199	32.140084	118.745078
1487587207	32.140084	118.745078
1487587215	32.140084	118.745078
1487587218	32.140084	118.745078
1487587221	32.140084	118.745078
1487587224	32.140084	118.745078
1487587227	32.140084	118.745078
1487587230	32.140084	118.745078
1487587234	32.140084	118.745078
1487587237	32.140084	118.745078
1487587239	32.140084	118.745078
1487587242	32.140084	118.745078
1487587244	32.140084	118.745078
1487587247	32.140084	118.745078
1487587250	32.140084	118.745078
1487587253	32.140084	118.745078
1487587256	32.140084	118.745078
1487587290	32.140084	118.745078
1487587324	32.140084	118.745078
1487587361	32.140084	118.745078
1487587393	32.140084	118.745078
1487587425	32.140084	118.745078
1487587457	32.140084	118.745078
1487587496	32.140084	118.745078
1487587528	32.140084	118.745078
1487587561	32.140084	118.745078
1487587593	32.140084	118.745078
1487587630	32.140084	118.745078
1487587662	32.140084	118.745078
1487587705	32.140084	118.745078
1487587737	32.140084	118.745078
1487587770	32.140084	118.745078
1487587802	32.140084	118.745078
1487587842	32.140084	118.745078
1487587874	32.140084	118.745078
1487587905	32.140084	118.745078
1487587942	32.140084	118.745078
1487587984	32.140084	118.745078
1487589130	32.140084	118.745078
1487589162	32.140084	118.745078
1487589194	32.140084	118.745078
1487589226	32.140084	118.745078
1487589259	32.140084	118.745078
1487589294	32.140084	118.745078
1487589326	32.140084	118.745078
1487589357	32.140084	118.745078
1487589389	32.140084	118.745078
1487589421	32.140084	118.745078
1487589460	32.140084	118.745078
1487589492	32.140084	118.745078
1487589525	32.140084	118.745078
1487589557	32.140084	118.745078
1487589589	32.140084	118.745078
1487589623	32.140084	118.745078
1487589656	32.140084	118.745078
1487589688	32.140084	118.745078
1487589720	32.140084	118.745078
1487589754	32.140084	118.745078
1487589788	32.140084	118.745078
1487589820	32.140084	118.745078
1487589853	32.140084	118.745078
1487589885	32.140084	118.745078
1487589917	32.140084	118.745078
1487589952	32.140084	118.745078
1487589984	32.140084	118.745078
1487590016	32.140084	118.745078
1487590048	32.140084	118.745078
1487590082	32.140084	118.745078
1487590494	32.140091	118.745098
1487590862	32.140091	118.745098
1487590865	32.140091	118.745098
1487590924	32.140091	118.745098
1487590938	32.140091	118.745098
1487591037	32.140091	118.745098
1487591040	32.140091	118.745098
1487591063	32.140091	118.745098
1487591067	32.140091	118.745098
1487591068	32.140084	118.745078
1487591076	32.140091	118.745098
1487591090	32.140091	118.745098
1487591100	32.140084	118.745078
1487591109	32.140091	118.745098
1487591113	32.140091	118.745098
1487591116	32.140091	118.745098
1487591132	32.140084	118.745078
1487591165	32.140084	118.745078
1487591197	32.140084	118.745078
1487591238	32.140084	118.745078
1487591271	32.140084	118.745078
1487591302	32.140084	118.745078
1487591336	32.140084	118.745078
1487591368	32.140084	118.745078
1487591403	32.140084	118.745078
1487591415	32.140091	118.745098
1487591435	32.140084	118.745078
1487591437	32.140091	118.745098
1487591456	32.140091	118.745098
1487591473	32.140084	118.745078
1487591504	32.140091	118.745098
1487591505	32.140084	118.745078
1487591536	32.140084	118.745078
1487591571	32.140084	118.745078
1487591586	32.140091	118.745098
1487591603	32.140084	118.745078
1487591618	32.140091	118.745098
1487591637	32.140084	118.745078
1487591640	32.140091	118.745098
1487591647	32.140091	118.745098
1487591650	32.140091	118.745098
1487591670	32.140084	118.745078
1487591678	32.140091	118.745098
1487591702	32.140084	118.745078
1487591738	32.140084	118.745078
1487591778	32.140084	118.745078
1487591795	32.140091	118.745098
1487591798	32.140091	118.745098
1487591810	32.140084	118.745078
1487591825	32.140091	118.745098
1487591843	32.140084	118.745078
1487591875	32.140084	118.745078
1487591876	32.140091	118.745098
1487591890	32.140091	118.745098
1487591910	32.140084	118.745078
1487591936	32.140091	118.745098
1487591943	32.140084	118.745078
1487591975	32.140084	118.745078
1487591979	32.140091	118.745098
1487592009	32.140084	118.745078
1487592041	32.140084	118.745078
1487592085	32.140091	118.745098
1487592883	32.140084	118.745078
1487592921	32.140084	118.745078
1487592953	32.140084	118.745078
1487592960	32.140091	118.745098
1487592986	32.140084	118.745078
1487593019	32.140084	118.745078
1487593054	32.140084	118.745078
1487593086	32.140084	118.745078
1487593118	32.140084	118.745078
1487593150	32.140084	118.745078
1487593173	32.140091	118.745098
1487593182	32.140084	118.745078
1487593207	32.140091	118.745098
1487593218	32.140084	118.745078
1487593239	32.140091	118.745098
1487593250	32.140084	118.745078
1487593272	32.140091	118.745098
1487593283	32.140084	118.745078
1487593310	32.140091	118.745098
1487593315	32.140084	118.745078
1487593342	32.140091	118.745098
1487593348	32.140084	118.745078
1487593374	32.140091	118.745098
1487593389	32.140084	118.745078
1487593407	32.140091	118.745098
1487593421	32.140084	118.745078
1487593440	32.140091	118.745098
1487593455	32.140084	118.745078
1487593477	32.140091	118.745098
1487593487	32.140084	118.745078
1487593509	32.140091	118.745098
1487593520	32.140084	118.745078
1487593541	32.140091	118.745098
1487593555	32.140084	118.745078
1487593575	32.140091	118.745098
1487593588	32.140084	118.745078
1487593607	32.140091	118.745098
1487593621	32.140084	118.745078
1487593639	32.140091	118.745098
1487593654	32.140084	118.745078
1487593671	32.140091	118.745098
1487593693	32.140084	118.745078
1487593703	32.140091	118.745098
1487593728	32.140084	118.745078
1487593736	32.140091	118.745098
1487593760	32.140084	118.745078
1487593769	32.140091	118.745098
1487593792	32.140084	118.745078
1487593824	32.140084	118.745078
1487593856	32.140084	118.745078
1487593918	32.140091	118.745098
1487594410	32.140091	118.745098
1487595367	32.140084	118.745078
1487595399	32.140084	118.745078
1487595431	32.140084	118.745078
1487595463	32.140084	118.745078
1487595489	32.140091	118.745098
1487595496	32.140084	118.745078
1487595537	32.140084	118.745078
1487595569	32.140084	118.745078
1487595600	32.140084	118.745078
1487595632	32.140084	118.745078
1487595664	32.140084	118.745078
1487595699	32.140084	118.745078
1487595731	32.140084	118.745078
1487595733	32.140091	118.745098
1487595764	32.140084	118.745078
1487595796	32.140084	118.745078
1487595829	32.140084	118.745078
1487595863	32.140084	118.745078
1487595895	32.140084	118.745078
1487595927	32.140084	118.745078
1487595960	32.140084	118.745078
1487595992	32.140084	118.745078
1487596028	32.140084	118.745078
1487596065	32.140084	118.745078
1487596097	32.140084	118.745078
1487596129	32.140084	118.745078
1487596161	32.140084	118.745078
1487596201	32.140084	118.745078
1487596238	32.140084	118.745078
1487596271	32.140084	118.745078
1487596305	32.140084	118.745078
1487596336	32.140084	118.745078
1487596427	32.140091	118.745098
1487596742	32.140091	118.745098
1487597223	32.140091	118.745098
1487597256	32.140091	118.745098
1487597596	32.140084	118.745078
1487597634	32.140084	118.745078
1487597666	32.140084	118.745078
1487597698	32.140084	118.745078
1487597774	32.140084	118.745078
1487597810	32.140084	118.745078
1487597846	32.140084	118.745078
1487597879	32.140084	118.745078
1487597911	32.140084	118.745078
1487597943	32.140084	118.745078
1487597977	32.140084	118.745078
1487598010	32.140084	118.745078
1487598041	32.140084	118.745078
1487598075	32.140084	118.745078
1487598107	32.140084	118.745078
1487598142	32.140084	118.745078
1487598175	32.140084	118.745078
1487598207	32.140084	118.745078
1487598239	32.140084	118.745078
1487598271	32.140084	118.745078
1487598306	32.140084	118.745078
1487598339	32.140084	118.745078
1487598371	32.140084	118.745078
1487598403	32.140084	118.745078
1487598435	32.140084	118.745078
1487598470	32.140084	118.745078
1487598501	32.140084	118.745078
1487598535	32.140084	118.745078
1487598573	32.140084	118.745078
1487598605	32.140084	118.745078
1487601196	32.140084	118.745078
1487601226	32.140084	118.745078
1487601258	32.140084	118.745078
1487601290	32.140084	118.745078
1487601324	32.140084	118.745078
1487601360	32.140084	118.745078
1487601392	32.140084	118.745078
1487601424	32.140084	118.745078
1487601435	32.140082	118.745087
1487601458	32.140084	118.745078
1487601490	32.140084	118.745078
1487601531	32.140084	118.745078
1487601568	32.140084	118.745078
1487601600	32.140084	118.745078
1487601633	32.140084	118.745078
1487601665	32.140084	118.745078
1487601700	32.140084	118.745078
1487601732	32.140084	118.745078
1487601765	32.140084	118.745078
1487601797	32.140084	118.745078
1487601801	32.140082	118.745087
1487601813	32.140082	118.745087
1487601831	32.140084	118.745078
1487601866	32.140084	118.745078
1487601899	32.140084	118.745078
1487601936	32.140084	118.745078
1487601968	32.140084	118.745078
1487602000	32.140084	118.745078
1487602036	32.140084	118.745078
1487602068	32.140084	118.745078
1487602101	32.140084	118.745078
1487602134	32.140084	118.745078
1487602162	32.140082	118.745087
1487602166	32.140084	118.745078
1487602234	32.140082	118.745087
1487602263	32.140082	118.745087
1487602268	32.140082	118.745087
1487602270	32.140082	118.745087
1487602278	32.140082	118.745087
1487602281	32.140082	118.745087
1487602294	32.140082	118.745087
1487602298	32.140082	118.745087
1487602326	32.140082	118.745087
1487602376	32.140082	118.745087
1487602445	32.140082	118.745087
1487602525	32.140082	118.745087
1487602536	32.140082	118.745087
1487602549	32.140082	118.745087
1487602556	32.140082	118.745087
1487602626	32.140082	118.745087
1487602666	32.140082	118.745087
1487602728	32.140082	118.745087
1487602802	32.140082	118.745087
1487602805	32.140082	118.745087
1487602814	32.140082	118.745087
1487602875	32.140082	118.745087
1487602882	32.140082	118.745087
1487603040	32.140082	118.745087
1487603043	32.140082	118.745087
1487603063	32.140082	118.745087
1487603068	32.140082	118.745087
1487603071	32.140082	118.745087
1487603298	32.140084	118.745078
1487603300	32.140084	118.745078
1487603303	32.140084	118.745078
1487603305	32.140084	118.745078
1487603308	32.140084	118.745078
1487603311	32.140084	118.745078
1487603314	32.140084	118.745078
1487603317	32.140084	118.745078
1487603319	32.140084	118.745078
1487603322	32.140084	118.745078
1487603326	32.140084	118.745078
1487603329	32.140084	118.745078
1487603332	32.140084	118.745078
1487603335	32.140084	118.745078
1487603338	32.140084	118.745078
1487603342	32.140084	118.745078
1487603343	32.140084	118.745078
1487603346	32.140084	118.745078
1487603348	32.140084	118.745078
1487603351	32.140084	118.745078
1487603354	32.140084	118.745078
1487603357	32.140084	118.745078
1487603360	32.140084	118.745078
1487603362	32.140084	118.745078
1487603365	32.140084	118.745078
1487603367	32.140084	118.745078
1487603370	32.140084	118.745078
1487603373	32.140084	118.745078
1487603376	32.140084	118.745078
1487603380	32.140084	118.745078
1487603383	32.140084	118.745078
1487603418	32.140084	118.745078
1487603450	32.140084	118.745078
1487603484	32.140084	118.745078
1487603516	32.140084	118.745078
1487603552	32.140084	118.745078
1487603590	32.140084	118.745078
1487603604	32.140082	118.745087
1487603622	32.140084	118.745078
1487603654	32.140084	118.745078
1487603686	32.140084	118.745078
1487603722	32.140084	118.745078
1487603755	32.140084	118.745078
1487603764	32.140082	118.745087
1487603787	32.140084	118.745078
1487603819	32.140084	118.745078
1487603852	32.140084	118.745078
1487603892	32.140084	118.745078
1487603924	32.140084	118.745078
1487603956	32.140084	118.745078
1487603988	32.140084	118.745078
1487604021	32.140084	118.745078
1487604058	32.140084	118.745078
1487604091	32.140084	118.745078
1487604124	32.140084	118.745078
1487604159	32.140084	118.745078
1487604191	32.140084	118.745078
1487604230	32.140084	118.745078
1487604263	32.140084	118.745078
1487604295	32.140084	118.745078
1487604318	32.140082	118.745087
1487604328	32.140084	118.745078
1487604360	32.140084	118.745078
1487604612	32.140082	118.745087
1487605212	32.140082	118.745087
1487605661	32.140084	118.745078
1487605693	32.140084	118.745078
1487605726	32.140084	118.745078
1487605758	32.140084	118.745078
1487605790	32.140084	118.745078
1487605829	32.140084	118.745078
1487605861	32.140084	118.745078
1487605892	32.140084	118.745078
1487605925	32.140084	118.745078
1487605957	32.140084	118.745078
1487605992	32.140084	118.745078
1487606025	32.140084	118.745078
1487606028	32.140084	118.745078
1487606031	32.140084	118.745078
1487606034	32.140084	118.745078
1487606037	32.140084	118.745078
1487606040	32.140084	118.745078
1487606044	32.140084	118.745078
1487606052	32.140084	118.745078
1487606055	32.140084	118.745078
1487606060	32.140084	118.745078
1487606063	32.140084	118.745078
1487606066	32.140084	118.745078
1487606070	32.140082	118.745087
1487606074	32.140084	118.745078
1487606077	32.140084	118.745078
1487606081	32.140084	118.745078
1487606084	32.140084	118.745078
1487606087	32.140084	118.745078
1487606090	32.140084	118.745078
1487606093	32.140084	118.745078
1487606096	32.140084	118.745078
1487606099	32.140084	118.745078
1487606105	32.140084	118.745078
1487606108	32.140084	118.745078
1487606111	32.140084	118.745078
1487606114	32.140084	118.745078
1487606117	32.140084	118.745078
1487606120	32.140084	118.745078
1487606123	32.140084	118.745078
1487606127	32.140084	118.745078
1487606130	32.140084	118.745078
1487606132	32.140084	118.745078
1487606169	32.140084	118.745078
1487606194	32.140082	118.745087
1487606201	32.140084	118.745078
1487606233	32.140084	118.745078
1487606254	32.140082	118.745087
1487606270	32.140084	118.745078
1487606307	32.140084	118.745078
1487606314	32.140082	118.745087
1487606339	32.140084	118.745078
1487606372	32.140084	118.745078
1487606375	32.140082	118.745087
1487606409	32.140084	118.745078
1487606434	32.140082	118.745087
1487606446	32.140084	118.745078
1487606478	32.140084	118.745078
1487606511	32.140084	118.745078
1487606548	32.140084	118.745078
1487606580	32.140084	118.745078
1487606615	32.140084	118.745078
1487606647	32.140084	118.745078
1487606678	32.140084	118.745078
1487606711	32.140084	118.745078
1487606743	32.140084	118.745078
1487607844	32.140191	118.745026
1487607847	32.140191	118.745026
1487607849	32.140191	118.745026
1487607852	32.140191	118.745026
1487607854	32.140191	118.745026
1487607857	32.140191	118.745026
1487607860	32.140191	118.745026
1487607862	32.140191	118.745026
1487607865	32.140191	118.745026
1487607867	32.140191	118.745026
1487607870	32.140191	118.745026
1487607873	32.140191	118.745026
1487607876	32.140191	118.745026
1487607879	32.140191	118.745026
1487607889	32.140191	118.745026
1487607891	32.140191	118.745026
1487607894	32.140191	118.745026
1487607896	32.140191	118.745026
1487607899	32.140191	118.745026
1487607901	32.140191	118.745026
1487607903	32.140191	118.745026
1487607906	32.140191	118.745026
1487607908	32.140191	118.745026
1487607911	32.140191	118.745026
1487607914	32.140191	118.745026
1487607916	32.140191	118.745026
1487607919	32.140191	118.745026
1487607924	32.140191	118.745026
1487607927	32.140191	118.745026
1487607929	32.140191	118.745026
1487608998	32.140082	118.745087
1487610591	32.140082	118.745087
1487651808	32.140077	118.745047
1487651841	32.140077	118.745047
1487651873	32.140077	118.745047
1487651916	32.140077	118.745047
1487651948	32.140077	118.745047
1487651981	32.140077	118.745047
1487652024	32.140077	118.745047
1487652056	32.140077	118.745047
1487652089	32.140077	118.745047
1487652091	32.140077	118.745047
1487652093	32.140077	118.745047
1487652096	32.140077	118.745047
1487652100	32.140077	118.745047
1487652103	32.140077	118.745047
1487652105	32.140077	118.745047
1487652109	32.140077	118.745047
1487652112	32.140077	118.745047
1487652115	32.140077	118.745047
1487652117	32.140077	118.745047
1487652120	32.140077	118.745047
1487652122	32.140077	118.745047
1487652125	32.140077	118.745047
1487652128	32.140077	118.745047
1487652131	32.140077	118.745047
1487652134	32.140077	118.745047
1487652136	32.140077	118.745047
1487652139	32.140077	118.745047
1487652142	32.140077	118.745047
1487652144	32.140077	118.745047
1487652149	32.140077	118.745047
1487652151	32.140077	118.745047
1487652153	32.140077	118.745047
1487652156	32.140077	118.745047
1487652159	32.140077	118.745047
1487652162	32.140077	118.745047
1487652164	32.140077	118.745047
1487652167	32.140077	118.745047
1487652170	32.140077	118.745047
1487652173	32.140077	118.745047
1487652205	32.140077	118.745047
1487652237	32.140077	118.745047
1487652269	32.140077	118.745047
1487652301	32.140077	118.745047
1487652331	32.140077	118.745047
1487652363	32.140077	118.745047
1487652396	32.140077	118.745047
1487652428	32.140077	118.745047
1487652460	32.140077	118.745047
1487652491	32.140077	118.745047
1487652523	32.140077	118.745047
1487652555	32.140077	118.745047
1487652587	32.140077	118.745047
1487652618	32.140077	118.745047
1487652651	32.140077	118.745047
1487652682	32.140077	118.745047
1487652715	32.140077	118.745047
1487652746	32.140077	118.745047
1487652778	32.140077	118.745047
1487652815	32.140077	118.745047
1487652847	32.140077	118.745047
