1487614316	32.38743797	120.54410131
1487614347	32.38744379	120.54409861
1487614378	32.3874457	120.54409743
1487615578	32.38983199	120.55033629
1487615610	32.39006963	120.55128643
1487615641	32.39033211	120.55227299
1487615672	32.39065092	120.55341245
1487615686	32.387501	120.543619
1487615703	32.39092581	120.55429409
1487615717	32.38761209	120.5438699
1487615721	32.38761177	120.54387002
1487615724	32.38761004	120.54387037
1487615726	32.38759737	120.54388256
1487615728	32.38758345	120.54388361
1487615730	32.38758363	120.54388364
1487615732	32.38758304	120.54388344
1487615733	32.38758324	120.54388366
1487615734	32.39092707	120.55431834
1487615737	32.3875813	120.54388359
1487615739	32.38758226	120.54388332
1487615740	32.38758157	120.54388314
1487615743	32.38758004	120.54388301
1487615745	32.38757732	120.54388228
1487615748	32.38757575	120.54388213
1487615750	32.38757297	120.54388004
1487615752	32.38757095	120.54387876
1487615754	32.38757047	120.54387902
1487615757	32.38756798	120.54387846
1487615761	32.38756973	120.54388017
1487615765	32.38756971	120.5438809
1487615766	32.39092664	120.55439532
1487615772	32.38756996	120.54388113
1487615774	32.38756968	120.54388131
1487615776	32.38756949	120.54388149
1487615779	32.38756914	120.54388171
1487615782	32.38756831	120.54388216
1487615785	32.38757008	120.54388217
1487615786	32.38756857	120.54388233
1487615788	32.38756842	120.54388243
1487615791	32.38756824	120.54388263
1487615793	32.38756856	120.54388265
1487615796	32.38756915	120.54388268
1487615797	32.39118563	120.55441434
1487615831	32.38756501	120.5438817
1487615877	32.39112231	120.55434783
1487615908	32.391128	120.55433986
1487615939	32.39112789	120.5543405
1487615971	32.3911271	120.55433898
1487615983	32.38756476	120.54388437
1487616004	32.39115849	120.55436457
1487616017	32.38754585	120.54391406
1487616035	32.39091424	120.55354778
1487616050	32.38753359	120.54392255
1487616072	32.39051182	120.55225061
1487616081	32.3875197	120.54392453
1487616108	32.39014713	120.55116571
1487616113	32.38752008	120.54392994
1487616146	32.38976162	120.54963899
1487616146	32.38752027	120.5439297
1487616177	32.38751658	120.54393161
1487616179	32.3893028	120.54820838
1487616210	32.38751653	120.54393178
1487616216	32.38878551	120.54643384
1487616248	32.38751167	120.54392663
1487616279	32.38751181	120.54392899
1487616295	32.38768471	120.54432127
1487616311	32.38751156	120.54393529
1487616340	32.38741548	120.5438185
1487616342	32.38750817	120.54393638
1487616376	32.38750807	120.5439359
1487616396	32.38741548	120.5438185
1487616398	32.38741548	120.5438185
1487616400	32.38741548	120.5438185
1487616402	32.38741548	120.5438185
1487616404	32.38741548	120.5438185
1487616406	32.38741548	120.5438185
1487616408	32.38750705	120.5439352
1487616409	32.38741548	120.5438185
1487616411	32.38741548	120.5438185
1487616415	32.38741548	120.5438185
1487616419	32.38741548	120.5438185
1487616421	32.38741548	120.5438185
1487616423	32.38741548	120.5438185
1487616427	32.38741548	120.5438185
1487616431	32.38722087	120.54398756
1487616434	32.38715047	120.54404397
1487616438	32.38705891	120.54391559
1487616440	32.38750757	120.54393823
1487616442	32.3869717	120.54387035
1487616445	32.38699921	120.54390025
1487616447	32.38705875	120.54395946
1487616449	32.38703773	120.54401415
1487616452	32.38704705	120.54400929
1487616454	32.38710078	120.54403711
1487616456	32.38714752	120.54401297
1487616459	32.38699255	120.54407924
1487616462	32.38703223	120.54416905
1487616466	32.38705641	120.54411403
1487616469	32.38721443	120.54414498
1487616471	32.38725782	120.54392522
1487616471	32.38750659	120.54393909
1487616473	32.38738393	120.54375226
1487616477	32.38739121	120.54376492
1487616479	32.38735856	120.54388578
1487616502	32.38750583	120.54393956
1487616510	32.38751399	120.54376718
1487616536	32.38750516	120.54394046
1487616541	32.38733167	120.54389728
1487616567	32.387505	120.54394309
1487616572	32.38733029	120.54389889
1487616598	32.38750497	120.54394281
1487616603	32.38732849	120.54389882
1487616630	32.38750497	120.54394281
1487616634	32.3873252	120.54390336
1487616661	32.38750514	120.54394301
1487616665	32.38732084	120.54390831
1487616694	32.38730593	120.54405229
1487616725	32.38735447	120.54406629
1487616756	32.38734914	120.54407081
1487616787	32.38734256	120.54407078
1487616818	32.38733375	120.54406824
1487618899	32.38739864	120.54374265
1487618937	32.38738818	120.54373394
1487618975	32.38740148	120.54370328
1487619019	32.38754467	120.54388642
1487619055	32.38798513	120.54526604
1487619090	32.38853001	120.54588985
1487619125	32.38889989	120.54717148
1487619178	32.38905642	120.54764237
1487619223	32.38951799	120.54940862
1487619270	32.39025994	120.55194883
1487619319	32.39049477	120.55276244
1487619359	32.39106752	120.55477336
1487619400	32.38933072	120.55599671
1487619443	32.38760059	120.55815731
1487619489	32.3874786	120.56125322
1487619535	32.38768652	120.56240677
1487619566	32.38755657	120.56250414
1487619597	32.38744025	120.56255642
1487619599	32.38744005	120.56255644
1487619601	32.38743856	120.56256127
1487619603	32.38742897	120.56255894
1487619605	32.38742151	120.56256157
1487619607	32.38742069	120.56256189
1487619609	32.38741948	120.56255944
1487619611	32.38741834	120.56255709
1487619613	32.38741829	120.56255686
1487619615	32.38741829	120.5625569
1487619617	32.38741829	120.5625569
1487619619	32.38741828	120.5625569
1487619621	32.38741822	120.56255703
1487619623	32.38741822	120.56255703
1487619625	32.38707706	120.56229545
1487619627	32.38707706	120.56229545
1487619629	32.38707706	120.56229545
1487619631	32.38707706	120.56229545
1487619633	32.38707706	120.56229545
1487619635	32.38707706	120.56229545
1487619639	32.38707706	120.56229545
1487619641	32.38707706	120.56229545
1487619644	32.38707706	120.56229545
1487619646	32.38707706	120.56229545
1487619648	32.38707706	120.56229545
1487619654	32.38707706	120.56229545
1487619656	32.38707706	120.56229545
1487619658	32.38707706	120.56229545
1487619699	32.38707706	120.56229545
1487619730	32.38707706	120.56229545
1487619808	32.38707706	120.56229545
1487619884	32.38707706	120.56229545
1487619916	32.38743322	120.56258588
1487619981	32.38748923	120.56302791
1487620012	32.38744059	120.56313745
1487620044	32.3874461	120.56311359
1487620075	32.38744666	120.56311385
1487620106	32.38754462	120.56266786
1487622972	32.387716	120.562363
1487623009	32.387716	120.562363
1487623041	32.387716	120.562363
1487623072	32.387716	120.562363
1487623073	32.387716	120.562363
1487623076	32.387716	120.562363
1487623078	32.387716	120.562363
1487623081	32.387716	120.562363
1487623083	32.387716	120.562363
1487623085	32.387716	120.562363
1487623087	32.387716	120.562363
1487623089	32.387716	120.562363
1487623091	32.387716	120.562363
1487623098	32.387716	120.562363
1487623100	32.387716	120.562363
1487623102	32.387716	120.562363
1487623104	32.387716	120.562363
1487623107	32.387716	120.562363
1487623109	32.387716	120.562363
1487623116	32.38763	120.562593
1487623118	32.38763	120.562593
1487623120	32.38763	120.562593
1487623122	32.38763	120.562593
1487623124	32.38763	120.562593
1487623127	32.38763	120.562593
1487623129	32.38763	120.562593
1487623131	32.38763	120.562593
1487623133	32.38763	120.562593
1487623135	32.38763	120.562593
1487623137	32.38763	120.562593
1487623173	32.38763	120.562593
1487623205	32.38763	120.562593
1487623236	32.38763	120.562593
1487623268	32.387716	120.562363
1487623299	32.387627	120.562586
1487623330	32.387627	120.562586
1487623361	32.387627	120.562586
1487623393	32.387627	120.562586
1487623424	32.387716	120.562363
1487623455	32.38763	120.562593
1487623486	32.38763	120.562593
1487623518	32.38763	120.562593
1487623549	32.38763	120.562593
1487623580	32.387716	120.562363
1487623612	32.387631	120.562595
1487623708	32.387631	120.562595
1487623739	32.387631	120.562595
1487623770	32.387716	120.562363
1487623801	32.387716	120.562363
1487623833	32.387716	120.562363
1487623864	32.387716	120.562363
1487623901	32.38763	120.562591
1487623939	32.38763	120.562591
1487623970	32.38763	120.562591
1487624002	32.38763	120.562591
1487626451	32.387631	120.562595
1487626508	32.387631	120.562595
1487626564	32.387631	120.562595
1487626623	32.387631	120.562595
1487626660	32.387631	120.562595
1487626728	32.387631	120.562595
1487626773	32.387631	120.562595
1487626832	32.38763	120.562593
1487626902	32.38763	120.562593
1487626992	32.38763	120.562593
1487627030	32.38763	120.562593
1487627061	32.38763	120.562593
1487627093	32.38763	120.562593
1487627131	32.38763	120.562593
1487627162	32.38763	120.562593
1487627194	32.38763	120.562593
1487627242	32.38763	120.562593
1487627326	32.38763	120.562593
1487627357	32.38763	120.562593
1487627388	32.38763	120.562593
1487627438	32.38763	120.562593
1487627469	32.38763	120.562593
1487627633	32.38763	120.562593
1487627851	32.387730265036225	120.56236624717712
1487627881	32.387730265036225	120.56236624717712
1487627928	32.387730265036225	120.56236624717712
1487627959	32.387730265036225	120.56236624717712
1487627961	32.387730265036225	120.56236624717712
1487627963	32.387730265036225	120.56236624717712
1487627965	32.387730265036225	120.56236624717712
1487627967	32.387730265036225	120.56236624717712
1487627969	32.387730265036225	120.56236624717712
1487627972	32.387730265036225	120.56236624717712
1487627974	32.387730265036225	120.56236624717712
1487627976	32.387730265036225	120.56236624717712
1487627978	32.387730265036225	120.56236624717712
1487627980	32.387730265036225	120.56236624717712
1487627982	32.387730265036225	120.56236624717712
1487627989	32.387730265036225	120.56236624717712
1487627991	32.387730265036225	120.56236624717712
1487627993	32.387730265036225	120.56236624717712
1487627995	32.387730265036225	120.56236624717712
1487627997	32.387730265036225	120.56236624717712
1487627999	32.387730265036225	120.56236624717712
1487628001	32.387730265036225	120.56236624717712
1487628003	32.387730265036225	120.56236624717712
1487628005	32.387730265036225	120.56236624717712
1487628007	32.387730265036225	120.56236624717712
1487628009	32.387730265036225	120.56236624717712
1487628011	32.387730265036225	120.56236624717712
1487628013	32.387730265036225	120.56236624717712
1487628015	32.387730265036225	120.56236624717712
1487628017	32.387730265036225	120.56236624717712
1487628019	32.387730265036225	120.56236624717712
1487628021	32.387730265036225	120.56236624717712
1487628023	32.387730265036225	120.56236624717712
1487628025	32.387730265036225	120.56236624717712
1487628202	32.387730265036225	120.56236624717712
1487628312	32.387730265036225	120.56236624717712
1487628347	32.387730265036225	120.56236624717712
1487630010	32.387685	120.562463
1487630043	32.387685	120.562463
1487630101	32.38751779	120.5622263
1487630134	32.38801171	120.56232678
1487630166	32.38809517	120.56229976
1487630198	32.38770613	120.56236178
1487630239	32.3875847	120.5624736
1487630302	32.38753811	120.56224833
1487630347	32.38768939	120.56243704
1487630389	32.38767117	120.56139432
1487630436	32.38918148	120.56021126
1487630484	32.39105987	120.55910908
1487630526	32.38940795	120.55984984
1487630577	32.38739878	120.56078066
1487630617	32.38772078	120.56236204
1487630667	32.38756838	120.56241235
1487630670	32.38750142	120.5624411
1487630673	32.38751377	120.5624673
1487630675	32.38752985	120.56249081
1487630677	32.38753961	120.56250158
1487630679	32.38756366	120.56245972
1487630682	32.38758443	120.5624463
1487630685	32.38763532	120.56243107
1487630687	32.38766896	120.56240683
1487630691	32.38766896	120.56240683
1487630693	32.38766896	120.56240683
1487630700	32.38766896	120.56240683
1487630702	32.38766896	120.56240683
1487630704	32.38766896	120.56240683
1487630706	32.38766896	120.56240683
1487630710	32.38766896	120.56240683
1487630714	32.38766896	120.56240683
1487630717	32.38766896	120.56240683
1487630720	32.38766896	120.56240683
1487630725	32.38766896	120.56240683
1487630728	32.38766896	120.56240683
1487630732	32.38766896	120.56240683
1487630735	32.38766896	120.56240683
1487630738	32.38766896	120.56240683
1487630741	32.38766896	120.56240683
1487630743	32.3876552	120.56309997
1487630746	32.3876376	120.5631165
1487630748	32.38765357	120.56321215
1487630755	32.38752159	120.56319331
1487630759	32.38742283	120.5631823
1487630852	32.38742283	120.5631823
1487630929	32.38742283	120.5631823
1487631008	32.38742283	120.5631823
1487631092	32.38742283	120.5631823
1487631188	32.38754945	120.56309605
1487631242	32.38754945	120.56309605
1487631319	32.38762025	120.56281071
1487631353	32.38774951	120.56276527
1487631392	32.38774951	120.56276527
1487631498	32.38745581	120.56305166
1487631550	32.38753588	120.56339148
1487631587	32.3875897	120.56334877
1487631631	32.38749643	120.56295666
1487632538	32.387631	120.562595
1487632575	32.387631	120.562595
1487632612	32.387631	120.562595
1487632643	32.387631	120.562595
1487632675	32.387629	120.562589
1487632706	32.387629	120.562589
1487632739	32.387629	120.562589
1487632770	32.387629	120.562589
1487632803	32.387629	120.562589
1487632843	32.387716	120.562363
1487632874	32.387627	120.562586
1487632972	32.387627	120.562586
1487633011	32.387716	120.562363
1487633042	32.387716	120.562363
1487633096	32.387716	120.562363
1487633131	32.38763	120.562593
1487633175	32.38763	120.562593
1487633177	32.38763	120.562593
1487633181	32.38763	120.562593
1487633184	32.38763	120.562593
1487633188	32.38763	120.562593
1487633191	32.38763	120.562593
1487633193	32.38763	120.562593
1487633195	32.38763	120.562593
1487633198	32.38763	120.562593
1487633204	32.38763	120.562593
1487633213	32.38763	120.562593
1487633215	32.38763	120.562593
1487633217	32.38763	120.562593
1487633219	32.38763	120.562593
1487633221	32.38763	120.562593
1487633223	32.38763	120.562593
1487633226	32.38763	120.562593
1487633233	32.38763	120.562593
1487633236	32.38763	120.562593
1487633238	32.38763	120.562593
1487633251	32.38763	120.562593
1487633254	32.38763	120.562593
1487633256	32.38763	120.562593
1487633258	32.38763	120.562593
1487633260	32.38763	120.562593
1487633265	32.38763	120.562593
1487633267	32.38763	120.562593
1487633272	32.38763	120.562593
1487633305	32.38763	120.562593
1487633337	32.38763	120.562593
1487633369	32.38763	120.562593
1487633401	32.38763	120.562593
1487633434	32.38763	120.562593
1487633466	32.38763	120.562593
1487633500	32.38763	120.562593
1487633533	32.38763	120.562593
1487633597	32.38763	120.562593
1487633628	32.38763	120.562593
1487633661	32.38763	120.562593
1487637421	32.38752291	120.56255614
1487637468	32.38756239	120.56250976
1487637515	32.38756076	120.56248804
1487637568	32.38756173	120.5624744
1487637570	32.38756237	120.56247406
1487637579	32.38756294	120.56247328
1487637582	32.38756445	120.56247241
1487637584	32.38756408	120.56247207
1487637586	32.38756396	120.56247175
1487637588	32.38756394	120.56247185
1487637590	32.3875638	120.56247206
1487637593	32.3875636	120.56247186
1487637595	32.3875632	120.56247176
1487637598	32.38756299	120.56247164
1487637600	32.38756315	120.56247168
1487637602	32.38756287	120.56247146
1487637604	32.38756274	120.56247114
1487637606	32.38756252	120.56247135
1487637609	32.38756244	120.56247131
1487637611	32.38756258	120.56247042
1487637613	32.38756307	120.56246997
1487637615	32.38756376	120.5624691
1487637617	32.38756418	120.56246815
1487637619	32.38756438	120.56246733
1487637621	32.38756453	120.56246627
1487637623	32.38756479	120.56246516
1487637625	32.38756183	120.56246413
1487637627	32.38756179	120.56246354
1487637629	32.38756129	120.56246359
1487637631	32.38756086	120.56246404
1487637633	32.38756063	120.56246322
1487637639	32.38756038	120.56246252
1487637641	32.38756081	120.5624609
1487637644	32.38756081	120.56246059
1487637676	32.38756216	120.56245854
1487637737	32.38758547	120.56243189
1487637781	32.38750435	120.56246806
1487637827	32.38750654	120.56246852
1487637862	32.38755271	120.56244458
1487637926	32.38759227	120.56244543
1487637970	32.38758535	120.56242935
1487638001	32.38758585	120.56242952
1487638058	32.38758804	120.56242917
1487638125	32.3875182	120.56249108
1487638183	32.38758994	120.56243019
1487638218	32.38755497	120.56247785
1487638278	32.38754721	120.56244581
1487638323	32.38754948	120.56244529
1487638355	32.38755055	120.56244472
1487638397	32.38755126	120.56244503
1487638437	32.38755661	120.5624439
1487638479	32.38756182	120.56243875
1487638510	32.38756139	120.56243889
1487638543	32.38756262	120.56243691
1487638601	32.38756373	120.56243531
1487638700	32.38756555	120.56243361
1487638793	32.38758295	120.56241383
1487638836	32.38758211	120.56241542
1487638883	32.38750457	120.56298956
1487638935	32.38750457	120.56298956
1487640809	32.386994	120.562448
1487640889	32.386994	120.562448
1487640945	32.386994	120.562448
1487641013	32.386994	120.562448
1487641068	32.386994	120.562448
1487641148	32.387716	120.562363
1487641203	32.386826	120.562541
1487641250	32.386826	120.562541
1487641307	32.386826	120.562541
1487641339	32.386826	120.562541
1487641342	32.386826	120.562541
1487641344	32.386826	120.562541
1487641346	32.386826	120.562541
1487641347	32.386826	120.562541
1487641349	32.386826	120.562541
1487641351	32.386826	120.562541
1487641362	32.386826	120.562541
1487641365	32.386826	120.562541
1487641367	32.386826	120.562541
1487641369	32.386826	120.562541
1487641372	32.386826	120.562541
1487641374	32.386826	120.562541
1487641376	32.386826	120.562541
1487641379	32.386826	120.562541
1487641381	32.386826	120.562541
1487641383	32.386826	120.562541
1487641386	32.386826	120.562541
1487641388	32.386826	120.562541
1487641390	32.386826	120.562541
1487641393	32.386826	120.562541
1487641396	32.386826	120.562541
1487641398	32.386826	120.562541
1487641400	32.386826	120.562541
1487641405	32.386826	120.562541
1487641414	32.386826	120.562541
1487641417	32.386826	120.562541
1487641419	32.386826	120.562541
1487641422	32.386826	120.562541
1487641424	32.386826	120.562541
1487641509	32.386826	120.562541
1487641546	32.386826	120.562541
1487641578	32.386826	120.562541
1487641633	32.386826	120.562541
1487641665	32.386826	120.562541
1487641708	32.386826	120.562541
1487641772	32.386826	120.562541
1487641820	32.386826	120.562541
1487641865	32.387074	120.562608
1487641963	32.38707399999999	120.56260799999998
1487641997	32.38707399999999	120.56260799999998
1487642033	32.38707399999999	120.56260799999998
1487642064	32.38707399999999	120.56260799999998
1487642107	32.38707399999999	120.56260799999998
1487642257	32.387688690796494	120.56369955651462
1487642375	32.387688690796494	120.56369955651462
1487642433	32.38768219482154	120.56369964033365
1487642489	32.38768219482154	120.56369964033365
1487642523	32.38768219482154	120.56369964033365
1487642554	32.38768219482154	120.56369964033365
1487644452	32.3875884	120.56314782
1487644484	32.3876218	120.56314589
1487644515	32.38749719	120.56279952
1487644547	32.38762855	120.5626846
1487644590	32.38797111	120.56295363
1487644639	32.38840182	120.56298749
1487644716	32.38840182	120.56298749
1487644718	32.38840182	120.56298749
1487644720	32.38840182	120.56298749
1487644722	32.38840182	120.56298749
1487644724	32.38840182	120.56298749
1487644731	32.38840182	120.56298749
1487644733	32.38840182	120.56298749
1487644735	32.38840182	120.56298749
1487644736	32.38840182	120.56298749
1487644738	32.38840182	120.56298749
1487644741	32.38840182	120.56298749
1487644743	32.38840182	120.56298749
1487644744	32.38840182	120.56298749
1487644747	32.38840182	120.56298749
1487644749	32.38840182	120.56298749
1487644751	32.38840182	120.56298749
1487644753	32.38840182	120.56298749
1487644755	32.38840182	120.56298749
1487644757	32.38840182	120.56298749
1487644763	32.38840182	120.56298749
1487644765	32.38840182	120.56298749
1487644767	32.38840182	120.56298749
1487644771	32.38840182	120.56298749
1487644773	32.38840182	120.56298749
1487644775	32.38840182	120.56298749
1487644777	32.38840182	120.56298749
1487644779	32.38840182	120.56298749
1487644781	32.38840182	120.56298749
1487644813	32.38751524	120.56268331
1487644845	32.38751444	120.56268473
1487644909	32.38754427	120.56297704
1487644941	32.38753865	120.56297667
1487644972	32.38735791	120.56290012
1487645012	32.38731253	120.56290031
1487645043	32.38752906	120.56295806
1487645076	32.38752635	120.56295206
1487645107	32.38723548	120.56252145
1487645159	32.38752569	120.56295046
1487645192	32.38752393	120.56294685
1487645223	32.38751733	120.5629486
1487645291	32.3875199	120.56295174
1487645323	32.38752103	120.56295183
1487645359	32.38759571	120.56305076
1487645407	32.38759571	120.56305076
1487645440	32.38759571	120.56305076
1487645486	32.38759571	120.56305076
1487645562	32.38759571	120.56305076
1487645597	32.38759571	120.56305076
1487645628	32.38749553	120.562984
1487648015	32.387716	120.562363
1487648101	32.387716	120.562363
1487648208	32.387716	120.562363
1487648254	32.387716	120.562363
1487648292	32.387716	120.562363
1487648334	32.387716	120.562363
1487648419	32.387716	120.562363
1487648458	32.387716	120.562363
1487648494	32.3875553	120.56253194
1487648529	32.38745308	120.56284611
1487648590	32.38738939	120.5629993
1487648638	32.38738939	120.5629993
1487648672	32.38738939	120.5629993
1487648707	32.38738939	120.5629993
1487648799	32.38738939	120.5629993
1487648884	32.38738939	120.5629993
1487648973	32.38738939	120.5629993
1487649022	32.38745205	120.56300301
1487649082	32.38757236	120.56296382
1487649129	32.38757236	120.56296382
1487649226	32.38757236	120.56296382
1487649284	32.38757236	120.56296382
1487649321	32.38757236	120.56296382
1487649370	32.38757236	120.56296382
1487649464	32.38757236	120.56296382
1487649520	32.38757236	120.56296382
1487649595	32.38757236	120.56296382
1487649709	32.38757236	120.56296382
1487649804	32.38757236	120.56296382
1487651968	32.387425	120.562388
1487652023	32.387425	120.562388
1487652076	32.387425	120.562388
1487652126	32.387425	120.562388
1487652225	32.387425	120.562388
1487652302	32.387425	120.562388
1487652396	32.387425	120.562388
1487652440	32.387502	120.562374
1487652512	32.387502	120.562374
1487652580	32.387502	120.562374
1487652696	32.387502	120.562374
1487652826	32.387502	120.562374
1487652919	32.387502	120.562374
1487653180	32.387772	120.56345299999997
