1487611970	32.102731	119.866242
1487611970	32.102731	119.866242
1487611970	32.102731	119.866242
1487612049	32.102731	119.866242
1487612049	32.102731	119.866242
1487612049	32.102731	119.866242
1487612094	32.102709	119.866233
1487612094	32.102709	119.866233
1487612094	32.102709	119.866233
1487612125	32.102709	119.866233
1487612125	32.102709	119.866233
1487612125	32.102709	119.866233
1487612163	32.102709	119.866233
1487612163	32.102709	119.866233
1487612163	32.102709	119.866233
1487612196	32.102709	119.866233
1487612196	32.102709	119.866233
1487612196	32.102709	119.866233
1487612228	32.102709	119.866233
1487612228	32.102709	119.866233
1487612228	32.102709	119.866233
1487612258	32.102923	119.866273
1487612258	32.102923	119.866273
1487612258	32.102923	119.866273
1487612294	32.102923	119.866273
1487612294	32.102923	119.866273
1487612294	32.102923	119.866273
1487612327	32.102923	119.866273
1487612327	32.102923	119.866273
1487612327	32.102923	119.866273
1487612359	32.102923	119.866273
1487612359	32.102923	119.866273
1487612359	32.102923	119.866273
1487612391	32.102923	119.866273
1487612391	32.102923	119.866273
1487612391	32.102923	119.866273
1487612423	32.102923	119.866273
1487612423	32.102923	119.866273
1487612423	32.102923	119.866273
1487612454	32.102923	119.866273
1487612454	32.102923	119.866273
1487612454	32.102923	119.866273
1487612486	32.102923	119.866273
1487612486	32.102923	119.866273
1487612486	32.102923	119.866273
1487612517	32.102923	119.866273
1487612517	32.102923	119.866273
1487612517	32.102923	119.866273
1487612547	32.102923	119.866273
1487612547	32.102923	119.866273
1487612547	32.102923	119.866273
1487612579	32.102738	119.866105
1487612579	32.102738	119.866105
1487612579	32.102738	119.866105
1487612610	32.102738	119.866105
1487612610	32.102738	119.866105
1487612610	32.102738	119.866105
1487615063	32.102708	119.866202
1487615063	32.102708	119.866202
1487615063	32.102708	119.866202
1487615065	32.102708	119.866202
1487615065	32.102708	119.866202
1487615065	32.102708	119.866202
1487615067	32.102708	119.866202
1487615067	32.102708	119.866202
1487615067	32.102708	119.866202
1487615070	32.102708	119.866202
1487615070	32.102708	119.866202
1487615070	32.102708	119.866202
1487615073	32.102708	119.866202
1487615073	32.102708	119.866202
1487615073	32.102708	119.866202
1487615075	32.102708	119.866202
1487615075	32.102708	119.866202
1487615075	32.102708	119.866202
1487615077	32.102708	119.866202
1487615077	32.102708	119.866202
1487615077	32.102708	119.866202
1487615079	32.102708	119.866202
1487615079	32.102708	119.866202
1487615079	32.102708	119.866202
1487615081	32.102708	119.866202
1487615081	32.102708	119.866202
1487615081	32.102708	119.866202
1487615084	32.102708	119.866202
1487615084	32.102708	119.866202
1487615084	32.102708	119.866202
1487615086	32.102708	119.866202
1487615086	32.102708	119.866202
1487615086	32.102708	119.866202
1487615088	32.102708	119.866202
1487615088	32.102708	119.866202
1487615088	32.102708	119.866202
1487615090	32.102708	119.866202
1487615090	32.102708	119.866202
1487615090	32.102708	119.866202
1487615092	32.102708	119.866202
1487615092	32.102708	119.866202
1487615092	32.102708	119.866202
1487615093	32.102708	119.866202
1487615093	32.102708	119.866202
1487615093	32.102708	119.866202
1487615095	32.102708	119.866202
1487615095	32.102708	119.866202
1487615095	32.102708	119.866202
1487615097	32.102708	119.866202
1487615097	32.102708	119.866202
1487615097	32.102708	119.866202
1487615102	32.102708	119.866202
1487615102	32.102708	119.866202
1487615102	32.102708	119.866202
1487615105	32.102708	119.866202
1487615105	32.102708	119.866202
1487615105	32.102708	119.866202
1487615106	32.102708	119.866202
1487615106	32.102708	119.866202
1487615106	32.102708	119.866202
1487615110	32.102708	119.866202
1487615110	32.102708	119.866202
1487615110	32.102708	119.866202
1487615112	32.102708	119.866202
1487615112	32.102708	119.866202
1487615112	32.102708	119.866202
1487615114	32.102708	119.866202
1487615114	32.102708	119.866202
1487615114	32.102708	119.866202
1487615121	32.102708	119.866202
1487615121	32.102708	119.866202
1487615121	32.102708	119.866202
1487615122	32.102708	119.866202
1487615122	32.102708	119.866202
1487615122	32.102708	119.866202
1487615124	32.102708	119.866202
1487615124	32.102708	119.866202
1487615124	32.102708	119.866202
1487615127	32.102708	119.866202
1487615127	32.102708	119.866202
1487615127	32.102708	119.866202
1487615129	32.102708	119.866202
1487615129	32.102708	119.866202
1487615129	32.102708	119.866202
1487615131	32.102708	119.866202
1487615131	32.102708	119.866202
1487615131	32.102708	119.866202
1487615133	32.102708	119.866202
1487615133	32.102708	119.866202
1487615133	32.102708	119.866202
1487615137	32.102708	119.866202
1487615137	32.102708	119.866202
1487615137	32.102708	119.866202
1487618683	32.102708	119.866202
1487618683	32.102708	119.866202
1487618683	32.102708	119.866202
1487618685	32.102708	119.866202
1487618685	32.102708	119.866202
1487618685	32.102708	119.866202
1487618687	32.102708	119.866202
1487618687	32.102708	119.866202
1487618687	32.102708	119.866202
1487618689	32.102708	119.866202
1487618689	32.102708	119.866202
1487618689	32.102708	119.866202
1487618691	32.102708	119.866202
1487618691	32.102708	119.866202
1487618691	32.102708	119.866202
1487618693	32.102708	119.866202
1487618693	32.102708	119.866202
1487618693	32.102708	119.866202
1487618694	32.102708	119.866202
1487618694	32.102708	119.866202
1487618694	32.102708	119.866202
1487618696	32.102708	119.866202
1487618696	32.102708	119.866202
1487618696	32.102708	119.866202
1487618698	32.102708	119.866202
1487618698	32.102708	119.866202
1487618698	32.102708	119.866202
1487618700	32.102708	119.866202
1487618700	32.102708	119.866202
1487618700	32.102708	119.866202
1487618702	32.102708	119.866202
1487618702	32.102708	119.866202
1487618702	32.102708	119.866202
1487618705	32.102708	119.866202
1487618705	32.102708	119.866202
1487618705	32.102708	119.866202
1487618707	32.102708	119.866202
1487618707	32.102708	119.866202
1487618707	32.102708	119.866202
1487618708	32.102708	119.866202
1487618708	32.102708	119.866202
1487618708	32.102708	119.866202
1487618710	32.102708	119.866202
1487618710	32.102708	119.866202
1487618710	32.102708	119.866202
1487618712	32.102708	119.866202
1487618712	32.102708	119.866202
1487618712	32.102708	119.866202
1487618716	32.102708	119.866202
1487618716	32.102708	119.866202
1487618716	32.102708	119.866202
1487618719	32.102708	119.866202
1487618719	32.102708	119.866202
1487618719	32.102708	119.866202
1487618721	32.102708	119.866202
1487618721	32.102708	119.866202
1487618721	32.102708	119.866202
1487618722	32.102708	119.866202
1487618722	32.102708	119.866202
1487618722	32.102708	119.866202
1487618725	32.102708	119.866202
1487618725	32.102708	119.866202
1487618725	32.102708	119.866202
1487618727	32.102708	119.866202
1487618727	32.102708	119.866202
1487618727	32.102708	119.866202
1487618729	32.102708	119.866202
1487618729	32.102708	119.866202
1487618729	32.102708	119.866202
1487618731	32.102708	119.866202
1487618731	32.102708	119.866202
1487618731	32.102708	119.866202
1487618732	32.102708	119.866202
1487618732	32.102708	119.866202
1487618732	32.102708	119.866202
1487618838	32.102708	119.866202
1487618838	32.102708	119.866202
1487618838	32.102708	119.866202
1487618869	32.102708	119.866202
1487618869	32.102708	119.866202
1487618869	32.102708	119.866202
1487618901	32.102708	119.866202
1487618901	32.102708	119.866202
1487618901	32.102708	119.866202
1487618934	32.102708	119.866202
1487618934	32.102708	119.866202
1487618934	32.102708	119.866202
1487618966	32.102708	119.866202
1487618966	32.102708	119.866202
1487618966	32.102708	119.866202
1487618997	32.102708	119.866202
1487618997	32.102708	119.866202
1487618997	32.102708	119.866202
1487619028	32.102695	119.866198
1487619028	32.102695	119.866198
1487619028	32.102695	119.866198
1487619059	32.102695	119.866198
1487619059	32.102695	119.866198
1487619059	32.102695	119.866198
1487619091	32.102695	119.866198
1487619091	32.102695	119.866198
1487619091	32.102695	119.866198
1487619122	32.102695	119.866198
1487619122	32.102695	119.866198
1487619122	32.102695	119.866198
1487619153	32.102695	119.866198
1487619153	32.102695	119.866198
1487619153	32.102695	119.866198
1487619184	32.102695	119.866198
1487619184	32.102695	119.866198
1487619184	32.102695	119.866198
1487619215	32.102695	119.866198
1487619215	32.102695	119.866198
1487619215	32.102695	119.866198
1487619247	32.102695	119.866198
1487619247	32.102695	119.866198
1487619247	32.102695	119.866198
1487619279	32.102695	119.866198
1487619279	32.102695	119.866198
1487619279	32.102695	119.866198
1487619310	32.102765	119.866298
1487619310	32.102765	119.866298
1487619310	32.102765	119.866298
1487619341	32.102765	119.866298
1487619341	32.102765	119.866298
1487619341	32.102765	119.866298
1487619372	32.102765	119.866298
1487619372	32.102765	119.866298
1487619372	32.102765	119.866298
1487619403	32.102765	119.866298
1487619403	32.102765	119.866298
1487619403	32.102765	119.866298
1487619434	32.102765	119.866298
1487619434	32.102765	119.866298
1487619434	32.102765	119.866298
1487619465	32.102765	119.866298
1487619465	32.102765	119.866298
1487619465	32.102765	119.866298
1487619497	32.102765	119.866298
1487619497	32.102765	119.866298
1487619497	32.102765	119.866298
1487619528	32.102765	119.866298
1487619528	32.102765	119.866298
1487619528	32.102765	119.866298
1487619560	32.102765	119.866298
1487619560	32.102765	119.866298
1487619560	32.102765	119.866298
1487619592	32.102712	119.866205
1487619592	32.102712	119.866205
1487619592	32.102712	119.866205
1487619625	32.102712	119.866205
1487619625	32.102712	119.866205
1487619625	32.102712	119.866205
1487619656	32.102712	119.866205
1487619656	32.102712	119.866205
1487619656	32.102712	119.866205
1487619687	32.102712	119.866205
1487619687	32.102712	119.866205
1487619687	32.102712	119.866205
1487627062	32.102722	119.866212
1487627062	32.102722	119.866212
1487627062	32.102722	119.866212
1487627094	32.102722	119.866212
1487627094	32.102722	119.866212
1487627094	32.102722	119.866212
1487627125	32.102722	119.866212
1487627125	32.102722	119.866212
1487627125	32.102722	119.866212
1487627156	32.102722	119.866212
1487627156	32.102722	119.866212
1487627156	32.102722	119.866212
1487627187	32.102722	119.866212
1487627187	32.102722	119.866212
1487627187	32.102722	119.866212
1487627219	32.102722	119.866212
1487627219	32.102722	119.866212
1487627219	32.102722	119.866212
1487627250	32.102722	119.866212
1487627250	32.102722	119.866212
1487627250	32.102722	119.866212
1487627282	32.102722	119.866212
1487627282	32.102722	119.866212
1487627282	32.102722	119.866212
1487627313	32.102722	119.866212
1487627313	32.102722	119.866212
1487627313	32.102722	119.866212
1487627344	32.102722	119.866212
1487627344	32.102722	119.866212
1487627344	32.102722	119.866212
1487627376	32.102722	119.866212
1487627376	32.102722	119.866212
1487627376	32.102722	119.866212
1487627407	32.102722	119.866212
1487627407	32.102722	119.866212
1487627407	32.102722	119.866212
1487627438	32.102722	119.866212
1487627438	32.102722	119.866212
1487627438	32.102722	119.866212
1487627469	32.102722	119.866212
1487627469	32.102722	119.866212
1487627469	32.102722	119.866212
1487627500	32.102722	119.866212
1487627500	32.102722	119.866212
1487627500	32.102722	119.866212
1487627532	32.102722	119.866212
1487627532	32.102722	119.866212
1487627532	32.102722	119.866212
1487627563	32.102722	119.866212
1487627563	32.102722	119.866212
1487627563	32.102722	119.866212
1487627565	32.102722	119.866212
1487627565	32.102722	119.866212
1487627565	32.102722	119.866212
1487627567	32.102722	119.866212
1487627567	32.102722	119.866212
1487627567	32.102722	119.866212
1487627570	32.102722	119.866212
1487627570	32.102722	119.866212
1487627570	32.102722	119.866212
1487627572	32.102722	119.866212
1487627572	32.102722	119.866212
1487627572	32.102722	119.866212
1487627574	32.102722	119.866212
1487627574	32.102722	119.866212
1487627574	32.102722	119.866212
1487627576	32.102722	119.866212
1487627576	32.102722	119.866212
1487627576	32.102722	119.866212
1487627578	32.102722	119.866212
1487627578	32.102722	119.866212
1487627578	32.102722	119.866212
1487627580	32.102722	119.866212
1487627580	32.102722	119.866212
1487627580	32.102722	119.866212
1487627582	32.102722	119.866212
1487627582	32.102722	119.866212
1487627582	32.102722	119.866212
1487627584	32.102722	119.866212
1487627584	32.102722	119.866212
1487627584	32.102722	119.866212
1487627586	32.102722	119.866212
1487627586	32.102722	119.866212
1487627586	32.102722	119.866212
1487627588	32.102722	119.866212
1487627588	32.102722	119.866212
1487627588	32.102722	119.866212
1487627590	32.102722	119.866212
1487627590	32.102722	119.866212
1487627590	32.102722	119.866212
1487627592	32.102722	119.866212
1487627592	32.102722	119.866212
1487627592	32.102722	119.866212
1487627594	32.102722	119.866212
1487627594	32.102722	119.866212
1487627594	32.102722	119.866212
1487627596	32.102722	119.866212
1487627596	32.102722	119.866212
1487627596	32.102722	119.866212
1487627598	32.102722	119.866212
1487627598	32.102722	119.866212
1487627598	32.102722	119.866212
1487627600	32.102722	119.866212
1487627600	32.102722	119.866212
1487627600	32.102722	119.866212
1487627604	32.102722	119.866212
1487627604	32.102722	119.866212
1487627604	32.102722	119.866212
1487627606	32.102722	119.866212
1487627606	32.102722	119.866212
1487627606	32.102722	119.866212
1487627608	32.102722	119.866212
1487627608	32.102722	119.866212
1487627608	32.102722	119.866212
1487627611	32.102722	119.866212
1487627611	32.102722	119.866212
1487627611	32.102722	119.866212
1487627613	32.102722	119.866212
1487627613	32.102722	119.866212
1487627613	32.102722	119.866212
1487627615	32.102722	119.866212
1487627615	32.102722	119.866212
1487627615	32.102722	119.866212
1487627617	32.102722	119.866212
1487627617	32.102722	119.866212
1487627617	32.102722	119.866212
1487627619	32.102722	119.866212
1487627619	32.102722	119.866212
1487627619	32.102722	119.866212
1487627663	32.102722	119.866212
1487627663	32.102722	119.866212
1487627663	32.102722	119.866212
1487627674	32.102722	119.866212
1487627674	32.102722	119.866212
1487627674	32.102722	119.866212
1487627687	32.102722	119.866212
1487627687	32.102722	119.866212
1487627687	32.102722	119.866212
1487627696	32.102722	119.866212
1487627696	32.102722	119.866212
1487627696	32.102722	119.866212
1487627734	32.102722	119.866212
1487627734	32.102722	119.866212
1487627734	32.102722	119.866212
1487627769	32.102808	119.866271
1487627769	32.102808	119.866271
1487627769	32.102808	119.866271
1487627800	32.102808	119.866271
1487627800	32.102808	119.866271
1487627800	32.102808	119.866271
1487627832	32.102808	119.866271
1487627832	32.102808	119.866271
1487627832	32.102808	119.866271
1487627864	32.102808	119.866271
1487627864	32.102808	119.866271
1487627864	32.102808	119.866271
1487627895	32.102808	119.866271
1487627895	32.102808	119.866271
1487627895	32.102808	119.866271
1487627926	32.102808	119.866271
1487627926	32.102808	119.866271
1487627926	32.102808	119.866271
1487627958	32.102808	119.866271
1487627958	32.102808	119.866271
1487627958	32.102808	119.866271
1487627990	32.102808	119.866271
1487627990	32.102808	119.866271
1487627990	32.102808	119.866271
1487628024	32.102808	119.866271
1487628024	32.102808	119.866271
1487628024	32.102808	119.866271
1487628055	32.102808	119.866271
1487628055	32.102808	119.866271
1487628055	32.102808	119.866271
1487628086	32.102808	119.866271
1487628086	32.102808	119.866271
1487628086	32.102808	119.866271
1487628118	32.102808	119.866271
1487628118	32.102808	119.866271
1487628118	32.102808	119.866271
1487629480	32.102808	119.866271
1487629480	32.102808	119.866271
1487629480	32.102808	119.866271
1487629512	32.102808	119.866271
1487629512	32.102808	119.866271
1487629512	32.102808	119.866271
1487629543	32.102808	119.866271
1487629543	32.102808	119.866271
1487629543	32.102808	119.866271
1487629546	32.102808	119.866271
1487629546	32.102808	119.866271
1487629546	32.102808	119.866271
1487629548	32.102808	119.866271
1487629548	32.102808	119.866271
1487629548	32.102808	119.866271
1487629550	32.102808	119.866271
1487629550	32.102808	119.866271
1487629550	32.102808	119.866271
1487629553	32.102808	119.866271
1487629553	32.102808	119.866271
1487629553	32.102808	119.866271
1487629556	32.102808	119.866271
1487629556	32.102808	119.866271
1487629556	32.102808	119.866271
1487629558	32.102808	119.866271
1487629558	32.102808	119.866271
1487629558	32.102808	119.866271
1487629560	32.102808	119.866271
1487629560	32.102808	119.866271
1487629560	32.102808	119.866271
1487629563	32.102808	119.866271
1487629563	32.102808	119.866271
1487629563	32.102808	119.866271
1487629565	32.102676	119.866188
1487629565	32.102676	119.866188
1487629565	32.102676	119.866188
1487629567	32.102676	119.866188
1487629567	32.102676	119.866188
1487629567	32.102676	119.866188
1487629570	32.102676	119.866188
1487629570	32.102676	119.866188
1487629570	32.102676	119.866188
1487629572	32.102676	119.866188
1487629572	32.102676	119.866188
1487629572	32.102676	119.866188
1487629574	32.102676	119.866188
1487629574	32.102676	119.866188
1487629574	32.102676	119.866188
1487629578	32.102676	119.866188
1487629578	32.102676	119.866188
1487629578	32.102676	119.866188
1487629580	32.102676	119.866188
1487629580	32.102676	119.866188
1487629580	32.102676	119.866188
1487629582	32.102676	119.866188
1487629582	32.102676	119.866188
1487629582	32.102676	119.866188
1487629587	32.102676	119.866188
1487629587	32.102676	119.866188
1487629587	32.102676	119.866188
1487629589	32.102676	119.866188
1487629589	32.102676	119.866188
1487629589	32.102676	119.866188
1487629591	32.102676	119.866188
1487629591	32.102676	119.866188
1487629591	32.102676	119.866188
1487629649	32.102676	119.866188
1487629649	32.102676	119.866188
1487629649	32.102676	119.866188
1487629680	32.102676	119.866188
1487629680	32.102676	119.866188
1487629680	32.102676	119.866188
1487629713	32.102676	119.866188
1487629713	32.102676	119.866188
1487629713	32.102676	119.866188
1487629744	32.102676	119.866188
1487629744	32.102676	119.866188
1487629744	32.102676	119.866188
1487629775	32.102676	119.866188
1487629775	32.102676	119.866188
1487629775	32.102676	119.866188
1487629806	32.102671	119.866187
1487629806	32.102671	119.866187
1487629806	32.102671	119.866187
1487629837	32.102731	119.866219
1487629837	32.102731	119.866219
1487629837	32.102731	119.866219
1487629874	32.102731	119.866219
1487629874	32.102731	119.866219
1487629874	32.102731	119.866219
1487629906	32.102731	119.866219
1487629906	32.102731	119.866219
1487629906	32.102731	119.866219
1487629937	32.102731	119.866219
1487629937	32.102731	119.866219
1487629937	32.102731	119.866219
1487629968	32.102731	119.866219
1487629968	32.102731	119.866219
1487629968	32.102731	119.866219
1487629999	32.102764	119.866241
1487629999	32.102764	119.866241
1487629999	32.102764	119.866241
1487630031	32.102764	119.866241
1487630031	32.102764	119.866241
1487630031	32.102764	119.866241
1487630062	32.102764	119.866241
1487630062	32.102764	119.866241
1487630062	32.102764	119.866241
1487630093	32.102764	119.866241
1487630093	32.102764	119.866241
1487630093	32.102764	119.866241
1487630124	32.102764	119.866241
1487630124	32.102764	119.866241
1487630124	32.102764	119.866241
1487630155	32.102764	119.866241
1487630155	32.102764	119.866241
1487630155	32.102764	119.866241
1487630187	32.102764	119.866241
1487630187	32.102764	119.866241
1487630187	32.102764	119.866241
1487630218	32.102764	119.866241
1487630218	32.102764	119.866241
1487630218	32.102764	119.866241
1487630249	32.102764	119.866241
1487630249	32.102764	119.866241
1487630249	32.102764	119.866241
1487630280	32.102764	119.866241
1487630280	32.102764	119.866241
1487630280	32.102764	119.866241
1487630311	32.102725	119.866214
1487630311	32.102725	119.866214
1487630311	32.102725	119.866214
1487630343	32.102725	119.866214
1487630343	32.102725	119.866214
1487630343	32.102725	119.866214
1487630376	32.102725	119.866214
1487630376	32.102725	119.866214
1487630376	32.102725	119.866214
1487630412	32.102826	119.866277
1487630412	32.102826	119.866277
1487630412	32.102826	119.866277
1487630443	32.102787	119.866256
1487630443	32.102787	119.866256
1487630443	32.102787	119.866256
1487630474	32.102787	119.866256
1487630474	32.102787	119.866256
1487630474	32.102787	119.866256
1487633103	32.102695	119.8662
1487633103	32.102695	119.8662
1487633103	32.102695	119.8662
1487633105	32.102695	119.8662
1487633105	32.102695	119.8662
1487633105	32.102695	119.8662
1487633107	32.102695	119.8662
1487633107	32.102695	119.8662
1487633107	32.102695	119.8662
1487633111	32.102695	119.8662
1487633111	32.102695	119.8662
1487633111	32.102695	119.8662
1487633113	32.102695	119.8662
1487633113	32.102695	119.8662
1487633113	32.102695	119.8662
1487633121	32.102695	119.8662
1487633121	32.102695	119.8662
1487633121	32.102695	119.8662
1487633123	32.102695	119.8662
1487633123	32.102695	119.8662
1487633123	32.102695	119.8662
1487633125	32.102695	119.8662
1487633125	32.102695	119.8662
1487633125	32.102695	119.8662
1487633127	32.102695	119.8662
1487633127	32.102695	119.8662
1487633127	32.102695	119.8662
1487633129	32.102695	119.8662
1487633129	32.102695	119.8662
1487633129	32.102695	119.8662
1487633131	32.102695	119.8662
1487633131	32.102695	119.8662
1487633131	32.102695	119.8662
1487633133	32.102695	119.8662
1487633133	32.102695	119.8662
1487633133	32.102695	119.8662
1487633136	32.102695	119.8662
1487633136	32.102695	119.8662
1487633136	32.102695	119.8662
1487633139	32.102695	119.8662
1487633139	32.102695	119.8662
1487633139	32.102695	119.8662
1487633141	32.102706	119.866202
1487633141	32.102706	119.866202
1487633141	32.102706	119.866202
1487633143	32.102706	119.866202
1487633143	32.102706	119.866202
1487633143	32.102706	119.866202
1487633145	32.102706	119.866202
1487633145	32.102706	119.866202
1487633145	32.102706	119.866202
1487633147	32.102706	119.866202
1487633147	32.102706	119.866202
1487633147	32.102706	119.866202
1487633152	32.102706	119.866202
1487633152	32.102706	119.866202
1487633152	32.102706	119.866202
1487633157	32.102706	119.866202
1487633157	32.102706	119.866202
1487633157	32.102706	119.866202
1487633160	32.102706	119.866202
1487633160	32.102706	119.866202
1487633160	32.102706	119.866202
1487633162	32.102706	119.866202
1487633162	32.102706	119.866202
1487633162	32.102706	119.866202
1487633164	32.102706	119.866202
1487633164	32.102706	119.866202
1487633164	32.102706	119.866202
1487633166	32.102706	119.866202
1487633166	32.102706	119.866202
1487633166	32.102706	119.866202
1487633168	32.102706	119.866202
1487633168	32.102706	119.866202
1487633168	32.102706	119.866202
1487633172	32.102706	119.866202
1487633172	32.102706	119.866202
1487633172	32.102706	119.866202
1487633179	32.102706	119.866202
1487633179	32.102706	119.866202
1487633179	32.102706	119.866202
1487633182	32.102706	119.866202
1487633182	32.102706	119.866202
1487633182	32.102706	119.866202
1487633185	32.102706	119.866202
1487633185	32.102706	119.866202
1487633185	32.102706	119.866202
1487633190	32.102706	119.866202
1487633190	32.102706	119.866202
1487633190	32.102706	119.866202
1487633192	32.102706	119.866202
1487633192	32.102706	119.866202
1487633192	32.102706	119.866202
1487633224	32.102706	119.866202
1487633224	32.102706	119.866202
1487633224	32.102706	119.866202
1487633255	32.102706	119.866202
1487633255	32.102706	119.866202
1487633255	32.102706	119.866202
1487633289	32.102706	119.866202
1487633289	32.102706	119.866202
1487633289	32.102706	119.866202
1487633322	32.102706	119.866202
1487633322	32.102706	119.866202
1487633322	32.102706	119.866202
1487633354	32.102706	119.866202
1487633354	32.102706	119.866202
1487633354	32.102706	119.866202
1487633386	32.102738	119.866222
1487633386	32.102738	119.866222
1487633386	32.102738	119.866222
1487633417	32.102738	119.866222
1487633417	32.102738	119.866222
1487633417	32.102738	119.866222
1487633449	32.102738	119.866222
1487633449	32.102738	119.866222
1487633449	32.102738	119.866222
1487633481	32.102738	119.866222
1487633481	32.102738	119.866222
1487633481	32.102738	119.866222
1487633514	32.102738	119.866222
1487633514	32.102738	119.866222
1487633514	32.102738	119.866222
1487633558	32.102738	119.866222
1487633558	32.102738	119.866222
1487633558	32.102738	119.866222
1487633590	32.102738	119.866222
1487633590	32.102738	119.866222
1487633590	32.102738	119.866222
1487633621	32.102738	119.866222
1487633621	32.102738	119.866222
1487633621	32.102738	119.866222
1487633691	32.102738	119.866222
1487633691	32.102738	119.866222
1487633691	32.102738	119.866222
1487633723	32.102738	119.866222
1487633723	32.102738	119.866222
1487633723	32.102738	119.866222
1487633756	32.102738	119.866222
1487633756	32.102738	119.866222
1487633756	32.102738	119.866222
1487633787	32.102757	119.866234
1487633787	32.102757	119.866234
1487633787	32.102757	119.866234
1487633819	32.102757	119.866234
1487633819	32.102757	119.866234
1487633819	32.102757	119.866234
1487633849	32.102757	119.866234
1487633849	32.102757	119.866234
1487633849	32.102757	119.866234
1487633882	32.102757	119.866234
1487633882	32.102757	119.866234
1487633882	32.102757	119.866234
1487633914	32.102757	119.866234
1487633914	32.102757	119.866234
1487633914	32.102757	119.866234
1487633944	32.102741	119.866225
1487633944	32.102741	119.866225
1487633944	32.102741	119.866225
1487633975	32.102741	119.866225
1487633975	32.102741	119.866225
1487633975	32.102741	119.866225
1487634012	32.102741	119.866225
1487634012	32.102741	119.866225
1487634012	32.102741	119.866225
1487634044	32.102741	119.866225
1487634044	32.102741	119.866225
1487634044	32.102741	119.866225
1487634075	32.102741	119.866225
1487634075	32.102741	119.866225
1487634075	32.102741	119.866225
1487634108	32.102741	119.866225
1487634108	32.102741	119.866225
1487634108	32.102741	119.866225
1487634140	32.102741	119.866225
1487634140	32.102741	119.866225
1487634140	32.102741	119.866225
1487634171	32.102741	119.866225
1487634171	32.102741	119.866225
1487634171	32.102741	119.866225
1487636702	32.102741	119.866225
1487636702	32.102741	119.866225
1487636702	32.102741	119.866225
1487636720	32.102641	119.866171
1487636732	32.102741	119.866225
1487636732	32.102741	119.866225
1487636732	32.102741	119.866225
1487636735	32.102741	119.866225
1487636735	32.102741	119.866225
1487636735	32.102741	119.866225
1487636740	32.102741	119.866225
1487636740	32.102741	119.866225
1487636740	32.102741	119.866225
1487636742	32.102741	119.866225
1487636742	32.102741	119.866225
1487636742	32.102741	119.866225
1487636752	32.102741	119.866225
1487636752	32.102741	119.866225
1487636752	32.102641	119.866171
1487636752	32.102741	119.866225
1487636753	32.102741	119.866225
1487636753	32.102741	119.866225
1487636753	32.102741	119.866225
1487636756	32.102741	119.866225
1487636756	32.102741	119.866225
1487636756	32.102741	119.866225
1487636758	32.102741	119.866225
1487636758	32.102741	119.866225
1487636758	32.102741	119.866225
1487636760	32.102741	119.866225
1487636760	32.102741	119.866225
1487636760	32.102741	119.866225
1487636762	32.102741	119.866225
1487636762	32.102741	119.866225
1487636762	32.102741	119.866225
1487636767	32.102741	119.866225
1487636767	32.102741	119.866225
1487636767	32.102741	119.866225
1487636769	32.102741	119.866225
1487636769	32.102741	119.866225
1487636769	32.102741	119.866225
1487636769	32.102641	119.866171
1487636771	32.102741	119.866225
1487636771	32.102741	119.866225
1487636771	32.102741	119.866225
1487636778	32.102741	119.866225
1487636778	32.102741	119.866225
1487636778	32.102741	119.866225
1487636781	32.102741	119.866225
1487636781	32.102741	119.866225
1487636781	32.102741	119.866225
1487636782	32.102706	119.866213
1487636783	32.102741	119.866225
1487636783	32.102741	119.866225
1487636783	32.102741	119.866225
1487636785	32.102832	119.866281
1487636785	32.102832	119.866281
1487636785	32.102832	119.866281
1487636787	32.102832	119.866281
1487636787	32.102832	119.866281
1487636787	32.102832	119.866281
1487636787	32.102706	119.866213
1487636789	32.102832	119.866281
1487636789	32.102832	119.866281
1487636789	32.102832	119.866281
1487636791	32.102832	119.866281
1487636791	32.102832	119.866281
1487636791	32.102832	119.866281
1487636792	32.102706	119.866213
1487636793	32.102832	119.866281
1487636793	32.102832	119.866281
1487636793	32.102832	119.866281
1487636794	32.102832	119.866281
1487636794	32.102832	119.866281
1487636794	32.102832	119.866281
1487636795	32.102706	119.866213
1487636797	32.102832	119.866281
1487636797	32.102832	119.866281
1487636797	32.102832	119.866281
1487636801	32.102832	119.866281
1487636801	32.102832	119.866281
1487636801	32.102832	119.866281
1487636805	32.102706	119.866213
1487636807	32.102766	119.866258
1487636809	32.102832	119.866281
1487636809	32.102832	119.866281
1487636809	32.102832	119.866281
1487636810	32.102766	119.866258
1487636811	32.102832	119.866281
1487636811	32.102832	119.866281
1487636811	32.102832	119.866281
1487636813	32.102832	119.866281
1487636813	32.102832	119.866281
1487636813	32.102832	119.866281
1487636817	32.102832	119.866281
1487636817	32.102832	119.866281
1487636817	32.102832	119.866281
1487636819	32.102832	119.866281
1487636819	32.102832	119.866281
1487636819	32.102832	119.866281
1487636821	32.102832	119.866281
1487636821	32.102832	119.866281
1487636821	32.102832	119.866281
1487636821	32.102766	119.866258
1487636822	32.102832	119.866281
1487636822	32.102832	119.866281
1487636822	32.102832	119.866281
1487636823	32.102766	119.866258
1487636825	32.102766	119.866258
1487636827	32.102766	119.866258
1487636830	32.102766	119.866258
1487636837	32.102766	119.866258
1487636841	32.102766	119.866258
1487636844	32.102766	119.866258
1487636846	32.102766	119.866258
1487636848	32.102766	119.866258
1487636851	32.102766	119.866258
1487636853	32.102766	119.866258
1487636855	32.102832	119.866281
1487636855	32.102832	119.866281
1487636855	32.102832	119.866281
1487636856	32.102766	119.866258
1487636859	32.102766	119.866258
1487636864	32.102766	119.866258
1487636867	32.102766	119.866258
1487636871	32.102766	119.866258
1487636873	32.102766	119.866258
1487636876	32.102766	119.866258
1487636877	32.102766	119.866258
1487636879	32.102766	119.866258
1487636883	32.102766	119.866258
1487636888	32.102832	119.866281
1487636888	32.102832	119.866281
1487636888	32.102832	119.866281
1487636915	32.102766	119.866258
1487636919	32.102832	119.866281
1487636919	32.102832	119.866281
1487636919	32.102832	119.866281
1487636946	32.102764	119.866233
1487636951	32.102832	119.866281
1487636951	32.102832	119.866281
1487636951	32.102832	119.866281
1487636979	32.102764	119.866233
1487636989	32.102832	119.866281
1487636989	32.102832	119.866281
1487636989	32.102832	119.866281
1487637012	32.102764	119.866233
1487637021	32.102832	119.866281
1487637021	32.102832	119.866281
1487637021	32.102832	119.866281
1487637049	32.102764	119.866233
1487637053	32.102832	119.866281
1487637053	32.102832	119.866281
1487637053	32.102832	119.866281
1487637085	32.102832	119.866281
1487637085	32.102832	119.866281
1487637085	32.102832	119.866281
1487637087	32.102718	119.866213
1487637118	32.102977	119.866337
1487637118	32.102977	119.866337
1487637118	32.102977	119.866337
1487637119	32.102718	119.866213
1487637149	32.102977	119.866337
1487637149	32.102977	119.866337
1487637149	32.102977	119.866337
1487637150	32.102718	119.866213
1487637180	32.102977	119.866337
1487637180	32.102977	119.866337
1487637180	32.102977	119.866337
1487637183	32.102718	119.866213
1487637212	32.102977	119.866337
1487637212	32.102977	119.866337
1487637212	32.102977	119.866337
1487637215	32.102718	119.866213
1487637243	32.102977	119.866337
1487637243	32.102977	119.866337
1487637243	32.102977	119.866337
1487637246	32.102718	119.866213
1487637276	32.102977	119.866337
1487637276	32.102977	119.866337
1487637276	32.102977	119.866337
1487637277	32.102718	119.866213
1487637316	32.102718	119.866213
1487637319	32.102977	119.866337
1487637319	32.102977	119.866337
1487637319	32.102977	119.866337
1487637350	32.102718	119.866213
1487637355	32.102977	119.866337
1487637355	32.102977	119.866337
1487637355	32.102977	119.866337
1487637382	32.102718	119.866213
1487637387	32.102735	119.866224
1487637387	32.102735	119.866224
1487637387	32.102735	119.866224
1487637413	32.102744	119.866241
1487637420	32.102735	119.866224
1487637420	32.102735	119.866224
1487637420	32.102735	119.866224
1487637446	32.102744	119.866241
1487637484	32.102744	119.866241
1487637516	32.102744	119.866241
1487637552	32.102901	119.866258
1487637588	32.102698	119.866196
1487637624	32.102698	119.866196
1487637656	32.102698	119.866196
1487637689	32.102801	119.866401
1487637720	32.102801	119.866401
1487637751	32.102801	119.866401
1487637783	32.102801	119.866401
1487637814	32.10275	119.866246
1487643907	32.102815	119.866261
1487643907	32.102815	119.866261
1487643907	32.102815	119.866261
1487643909	32.102815	119.866261
1487643909	32.102815	119.866261
1487643909	32.102815	119.866261
1487643912	32.102815	119.866261
1487643912	32.102815	119.866261
1487643912	32.102815	119.866261
1487643915	32.102815	119.866261
1487643915	32.102815	119.866261
1487643915	32.102815	119.866261
1487643917	32.102815	119.866261
1487643917	32.102815	119.866261
1487643917	32.102815	119.866261
1487643919	32.102815	119.866261
1487643919	32.102815	119.866261
1487643919	32.102815	119.866261
1487643923	32.102815	119.866261
1487643923	32.102815	119.866261
1487643923	32.102815	119.866261
1487643925	32.102815	119.866261
1487643925	32.102815	119.866261
1487643925	32.102815	119.866261
1487643927	32.102815	119.866261
1487643927	32.102815	119.866261
1487643927	32.102815	119.866261
1487643929	32.102815	119.866261
1487643929	32.102815	119.866261
1487643929	32.102815	119.866261
1487643933	32.102815	119.866261
1487643933	32.102815	119.866261
1487643933	32.102815	119.866261
1487643945	32.102815	119.866261
1487643945	32.102815	119.866261
1487643945	32.102815	119.866261
1487643951	32.102815	119.866261
1487643951	32.102815	119.866261
1487643951	32.102815	119.866261
1487643954	32.102815	119.866261
1487643954	32.102815	119.866261
1487643954	32.102815	119.866261
1487643958	32.102815	119.866261
1487643958	32.102815	119.866261
1487643958	32.102815	119.866261
1487643962	32.102815	119.866261
1487643962	32.102815	119.866261
1487643962	32.102815	119.866261
1487643967	32.102815	119.866261
1487643967	32.102815	119.866261
1487643967	32.102815	119.866261
1487643971	32.102815	119.866261
1487643971	32.102815	119.866261
1487643971	32.102815	119.866261
1487643976	32.102815	119.866261
1487643976	32.102815	119.866261
1487643976	32.102815	119.866261
1487643979	32.102815	119.866261
1487643979	32.102815	119.866261
1487643979	32.102815	119.866261
1487643984	32.102815	119.866261
1487643984	32.102815	119.866261
1487643984	32.102815	119.866261
1487643989	32.102815	119.866261
1487643989	32.102815	119.866261
1487643989	32.102815	119.866261
1487643992	32.102815	119.866261
1487643992	32.102815	119.866261
1487643992	32.102815	119.866261
1487643996	32.102815	119.866261
1487643996	32.102815	119.866261
1487643996	32.102815	119.866261
1487643999	32.102815	119.866261
1487643999	32.102815	119.866261
1487643999	32.102815	119.866261
1487644002	32.102815	119.866261
1487644002	32.102815	119.866261
1487644002	32.102815	119.866261
1487644005	32.102815	119.866261
1487644005	32.102815	119.866261
1487644005	32.102815	119.866261
1487644011	32.102815	119.866261
1487644011	32.102815	119.866261
1487644011	32.102815	119.866261
1487644016	32.102815	119.866261
1487644016	32.102815	119.866261
1487644016	32.102815	119.866261
1487644020	32.102815	119.866261
1487644020	32.102815	119.866261
1487644020	32.102815	119.866261
1487644024	32.102815	119.866261
1487644024	32.102815	119.866261
1487644024	32.102815	119.866261
1487644058	32.102815	119.866261
1487644058	32.102815	119.866261
1487644058	32.102815	119.866261
1487644094	32.102815	119.866261
1487644094	32.102815	119.866261
1487644094	32.102815	119.866261
1487644125	32.102819	119.866255
1487644125	32.102819	119.866255
1487644125	32.102819	119.866255
1487644157	32.102819	119.866255
1487644157	32.102819	119.866255
1487644157	32.102819	119.866255
1487644190	32.102819	119.866255
1487644190	32.102819	119.866255
1487644190	32.102819	119.866255
1487644222	32.102819	119.866255
1487644222	32.102819	119.866255
1487644222	32.102819	119.866255
1487644253	32.102819	119.866255
1487644253	32.102819	119.866255
1487644253	32.102819	119.866255
1487644286	32.102819	119.866255
1487644286	32.102819	119.866255
1487644286	32.102819	119.866255
1487644317	32.102819	119.866255
1487644317	32.102819	119.866255
1487644317	32.102819	119.866255
1487644350	32.102819	119.866255
1487644350	32.102819	119.866255
1487644350	32.102819	119.866255
1487644381	32.102819	119.866255
1487644381	32.102819	119.866255
1487644381	32.102819	119.866255
1487644414	32.102819	119.866255
1487644414	32.102819	119.866255
1487644414	32.102819	119.866255
1487644445	32.102819	119.866255
1487644445	32.102819	119.866255
1487644445	32.102819	119.866255
1487644476	32.102819	119.866255
1487644476	32.102819	119.866255
1487644476	32.102819	119.866255
1487644508	32.102819	119.866255
1487644508	32.102819	119.866255
1487644508	32.102819	119.866255
1487644539	32.102819	119.866255
1487644539	32.102819	119.866255
1487644539	32.102819	119.866255
1487644572	32.102819	119.866255
1487644572	32.102819	119.866255
1487644572	32.102819	119.866255
1487644607	32.102819	119.866255
1487644607	32.102819	119.866255
1487644607	32.102819	119.866255
1487644639	32.102819	119.866255
1487644639	32.102819	119.866255
1487644639	32.102819	119.866255
1487644672	32.102819	119.866255
1487644672	32.102819	119.866255
1487644672	32.102819	119.866255
1487644704	32.102819	119.866255
1487644704	32.102819	119.866255
1487644704	32.102819	119.866255
1487644735	32.102819	119.866255
1487644735	32.102819	119.866255
1487644735	32.102819	119.866255
1487644766	32.102819	119.866255
1487644766	32.102819	119.866255
1487644766	32.102819	119.866255
1487644801	32.102819	119.866255
1487644801	32.102819	119.866255
1487644801	32.102819	119.866255
1487644840	32.102819	119.866255
1487644840	32.102819	119.866255
1487644840	32.102819	119.866255
1487644880	32.102819	119.866255
1487644880	32.102819	119.866255
1487644880	32.102819	119.866255
1487644919	32.102819	119.866255
1487644919	32.102819	119.866255
1487644919	32.102819	119.866255
1487644951	32.102819	119.866255
1487644951	32.102819	119.866255
1487644951	32.102819	119.866255
1487644993	32.102819	119.866255
1487644993	32.102819	119.866255
1487644993	32.102819	119.866255
