Date/Time	Lamp_State	Fan_State	Bathroom_Humidity	Bathroom_Temperature	Bedroom1_Humidity	Bedroom1_Temperature	Kitchen_Humidity	Kitchen_Temperature	Diningroom_Humidity	Diningroom_Temperature	Livingroom1_Humidity	Livingroom1_Temperature	Livingroom2_Humidity	Livingroom2_Temperature	Bedroom2_Humidity	Bedroom2_Temperature	
2019-07-11 11:03:06.056008	1	1	74.0	69.8	162.0	51.8	68.0	69.8	66.0	69.8	64.0	69.8	65.0	69.8	61.0	73.4	
2019-07-11 11:04:09.853149	1	1	73.0	69.8	67.0	71.6	68.0	71.6	66.0	69.8	64.0	69.8	65.0	69.8	60.0	73.4	
2019-07-11 11:05:13.646322	1	1	68.0	75.2	66.0	73.4	62.0	75.2	66.0	71.6	60.0	73.4	66.0	71.6	54.0	77.0	
2019-07-11 11:06:22.516171	1	1	67.0	75.2	61.0	77.0	61.0	75.2	65.0	71.6	60.0	73.4	64.0	71.6	54.0	77.0	
2019-07-11 11:07:26.347397	1	1	68.0	75.2	55.0	80.6	64.0	73.4	65.0	71.6	60.0	73.4	63.0	71.6	55.0	75.2	
2019-07-11 11:08:35.230643	1	1	68.0	75.2	46.0	86.0	65.0	73.4	62.0	71.6	61.0	73.4	63.0	73.4	56.0	75.2	
2019-07-11 11:09:44.116187	1	1	68.0	75.2	46.0	86.0	62.0	73.4	33.0	51.8	60.0	73.4	62.0	73.4	57.0	75.2	
2019-07-11 11:10:50.460128	1	1	67.0	77.0	44.0	87.8	66.0	73.4	66.0	71.6	59.0	75.2	61.0	73.4	57.0	75.2	
2019-07-11 11:11:59.359031	1	1	67.0	77.0	41.0	89.6	66.0	73.4	66.0	71.6	59.0	75.2	60.0	75.2	58.0	75.2	
2019-07-11 11:13:13.339144	1	1	66.0	77.0	41.0	91.4	67.0	71.6	63.0	71.6	58.0	75.2	59.0	75.2	58.0	75.2	
2019-07-11 11:14:17.152135	1	1	65.0	77.0	39.0	91.4	67.0	71.6	67.0	71.6	57.0	75.2	59.0	75.2	58.0	75.2	
2019-07-11 11:15:23.492753	1	1	65.0	78.8	37.0	93.2	68.0	71.6	63.0	71.6	54.0	77.0	57.0	75.2	58.0	75.2	
2019-07-11 11:16:32.381463	1	1	64.0	78.8	36.0	93.2	68.0	71.6	67.0	71.6	54.0	77.0	55.0	77.0	59.0	75.2	
2019-07-11 11:17:43.773859	1	1	64.0	78.8	36.0	93.2	68.0	71.6	67.0	71.6	54.0	77.0	55.0	77.0	59.0	75.2	
2019-07-11 11:19:00.321327	1	1	63.0	78.8	36.0	93.2	67.0	71.6	67.0	71.6	54.0	77.0	55.0	77.0	59.0	75.2	
2019-07-11 11:20:14.257980	1	1	63.0	80.6	36.0	93.2	64.0	71.6	66.0	71.6	154.0	53.6	55.0	77.0	60.0	75.2	
2019-07-11 11:21:18.072791	1	1	63.0	80.6	35.0	95.0	68.0	71.6	66.0	71.6	52.0	77.0	54.0	77.0	59.0	75.2	
2019-07-11 11:22:26.937701	1	1	63.0	80.6	35.0	96.8	68.0	71.6	65.0	71.6	51.0	77.0	54.0	77.0	60.0	75.2	
2019-07-11 11:23:40.895144	1	1	63.0	80.6	35.0	96.8	67.0	71.6	66.0	71.6	52.0	78.8	54.0	77.0	59.0	75.2	
2019-07-11 11:24:47.246348	1	1	62.0	80.6	35.0	96.8	68.0	71.6	66.0	71.6	52.0	78.8	54.0	78.8	60.0	75.2	
2019-07-11 11:25:56.115381	1	1	62.0	80.6	34.0	96.8	68.0	71.6	65.0	71.6	52.0	78.8	54.0	78.8	60.0	75.2	
2019-07-11 11:27:02.450968	1	1	61.0	80.6	34.0	96.8	68.0	73.4	66.0	71.6	51.0	78.8	54.0	78.8	59.0	75.2	
2019-07-11 11:28:08.800774	1	1	62.0	82.4	34.0	96.8	68.0	73.4	65.0	71.6	51.0	78.8	53.0	78.8	60.0	75.2	
2019-07-11 11:29:20.191362	1	1	62.0	82.4	33.0	98.6	68.0	71.6	62.0	71.6	51.0	78.8	54.0	78.8	60.0	75.2	
2019-07-11 11:30:26.551060	1	1	62.0	82.4	33.0	98.6	65.0	71.6	65.0	71.6	53.0	78.8	55.0	78.8	60.0	75.2	
2019-07-11 11:31:37.961468	1	1	62.0	82.4	34.0	98.6	67.0	73.4	65.0	71.6	154.0	55.4	54.0	78.8	60.0	75.2	
2019-07-11 11:32:46.822097	1	1	62.0	82.4	33.0	98.6	65.0	73.4	62.0	71.6	52.0	78.8	54.0	78.8	60.0	75.2	
2019-07-11 11:33:58.214777	1	1	62.0	82.4	32.0	96.8	67.0	73.4	62.0	71.6	53.0	78.8	155.0	55.4	60.0	75.2	
2019-07-11 11:35:07.095289	1	1	62.0	82.4	32.0	96.8	69.0	73.4	66.0	71.6	53.0	80.6	55.0	78.8	60.0	75.2	
2019-07-11 11:36:18.480736	1	1	61.0	82.4	33.0	96.8	66.0	73.4	66.0	71.6	53.0	78.8	55.0	78.8	59.0	75.2	
2019-07-11 11:37:24.808077	1	0	61.0	84.2	33.0	95.0	69.0	73.4	67.0	71.6	53.0	80.6	55.0	78.8	58.0	77.0	
2019-07-11 11:38:33.661502	1	0	60.0	84.2	34.0	96.8	69.0	73.4	66.0	71.6	52.0	80.6	54.0	78.8	58.0	77.0	
2019-07-11 11:39:50.141445	1	0	59.0	84.2	34.0	96.8	68.0	73.4	66.0	71.6	52.0	80.6	55.0	78.8	58.0	77.0	
2019-07-11 11:40:53.969737	1	0	60.0	82.4	33.0	96.8	68.0	73.4	66.0	71.6	52.0	80.6	54.0	78.8	58.0	77.0	
2019-07-11 11:42:00.297045	1	0	61.0	82.4	33.0	96.8	68.0	73.4	66.0	71.6	52.0	80.6	155.0	55.4	59.0	77.0	
2019-07-11 11:43:11.699817	1	0	61.0	82.4	33.0	98.6	68.0	73.4	66.0	71.6	52.0	80.6	53.0	78.8	59.0	77.0	
2019-07-11 11:44:15.516223	1	0	62.0	82.4	32.0	98.6	69.0	73.4	66.0	71.6	52.0	80.6	54.0	78.8	60.0	77.0	
2019-07-11 11:45:24.377528	1	0	62.0	82.4	30.0	98.6	67.0	73.4	65.0	71.6	52.0	80.6	54.0	78.8	60.0	77.0	
2019-07-11 11:46:30.719439	1	0	62.0	82.4	31.0	98.6	67.0	73.4	65.0	71.6	52.0	80.6	51.0	78.8	61.0	77.0	
2019-07-11 11:47:37.048263	1	0	62.0	82.4	30.0	98.6	67.0	73.4	65.0	71.6	51.0	80.6	53.0	80.6	62.0	77.0	
2019-07-11 11:48:45.904356	1	0	62.0	82.4	30.0	98.6	66.0	73.4	65.0	71.6	51.0	80.6	51.0	80.6	61.0	77.0	
2019-07-11 11:49:49.707226	1	0	63.0	82.4	30.0	98.6	67.0	73.4	67.0	71.6	50.0	80.6	54.0	80.6	62.0	77.0	
2019-07-11 11:50:58.559547	1	0	64.0	84.2	31.0	100.4	68.0	73.4	67.0	71.6	50.0	80.6	54.0	80.6	62.0	77.0	
2019-07-11 11:52:04.907757	1	0	63.0	84.2	31.0	98.6	68.0	73.4	67.0	71.6	50.0	80.6	54.0	80.6	61.0	77.0	
2019-07-11 11:53:08.731143	1	0	63.0	84.2	31.0	98.6	69.0	73.4	68.0	71.6	50.0	80.6	55.0	80.6	61.0	77.0	
2019-07-11 11:54:17.584935	1	0	63.0	84.2	31.0	98.6	68.0	73.4	68.0	73.4	51.0	80.6	55.0	80.6	61.0	77.0	
2019-07-11 11:55:26.443188	1	0	59.0	84.2	30.0	98.6	66.0	73.4	66.0	71.6	51.0	80.6	55.0	80.6	62.0	77.0	
2019-07-11 11:56:32.771434	1	0	59.0	84.2	30.0	98.6	66.0	73.4	65.0	71.6	49.0	80.6	55.0	80.6	62.0	77.0	
2019-07-11 11:57:41.628781	1	0	58.0	86.0	30.0	100.4	66.0	73.4	65.0	71.6	49.0	80.6	54.0	80.6	61.0	77.0	
2019-07-11 11:58:50.526595	1	0	58.0	86.0	30.0	100.4	66.0	73.4	65.0	71.6	50.0	80.6	54.0	80.6	61.0	77.0	
2019-07-11 11:59:54.324242	1	0	59.0	86.0	30.0	100.4	67.0	73.4	66.0	73.4	49.0	80.6	54.0	80.6	60.0	77.0	
2019-07-11 12:01:00.662881	1	0	60.0	84.2	30.0	100.4	68.0	73.4	67.0	71.6	48.0	80.6	53.0	80.6	61.0	77.0	
2019-07-11 12:02:09.518458	1	0	60.0	84.2	30.0	100.4	69.0	73.4	67.0	73.4	48.0	80.6	52.0	80.6	60.0	77.0	
2019-07-11 12:03:13.330682	1	0	60.0	84.2	30.0	100.4	69.0	73.4	68.0	71.6	49.0	80.6	51.0	80.6	60.0	77.0	
2019-07-11 12:04:22.193741	1	0	61.0	84.2	29.0	100.4	69.0	73.4	68.0	73.4	49.0	80.6	51.0	80.6	60.0	77.0	
2019-07-11 12:05:31.081265	1	0	62.0	84.2	31.0	102.2	69.0	73.4	68.0	73.4	49.0	80.6	52.0	80.6	61.0	77.0	
2019-07-11 12:06:45.006627	1	0	62.0	84.2	31.0	102.2	70.0	73.4	68.0	73.4	48.0	80.6	52.0	80.6	60.0	77.0	
2019-07-11 12:07:56.400374	1	0	62.0	84.2	30.0	102.2	70.0	73.4	68.0	73.4	48.0	80.6	51.0	80.6	61.0	77.0	
2019-07-11 12:09:12.875561	1	0	62.0	84.2	29.0	102.2	70.0	73.4	68.0	73.4	49.0	82.4	51.0	80.6	59.0	77.0	
2019-07-11 12:10:21.752070	1	0	158.0	57.2	33.0	104.0	68.0	73.4	66.0	73.4	49.0	82.4	51.0	80.6	59.0	77.0	
2019-07-11 12:11:25.576404	0	1	60.0	84.2	32.0	104.0	68.0	73.4	66.0	73.4	49.0	82.4	52.0	80.6	59.0	77.0	
2019-07-11 12:12:31.907002	0	1	58.0	82.4	31.0	104.0	68.0	73.4	67.0	73.4	152.0	57.2	54.0	80.6	58.0	77.0	
2019-07-11 12:13:45.862750	0	1	61.0	82.4	30.0	100.4	68.0	73.4	67.0	73.4	51.0	80.6	155.0	55.4	58.0	77.0	
2019-07-11 12:15:02.321463	0	1	61.0	82.4	34.0	96.8	68.0	73.4	67.0	73.4	51.0	80.6	56.0	78.8	60.0	77.0	
2019-07-11 12:16:11.188995	0	1	62.0	80.6	34.0	93.2	68.0	73.4	67.0	73.4	51.0	78.8	56.0	78.8	60.0	77.0	
2019-07-11 12:17:22.609965	0	1	62.0	80.6	39.0	89.6	68.0	73.4	67.0	73.4	52.0	78.8	56.0	77.0	60.0	77.0	
2019-07-11 12:18:41.609132	0	1	62.0	80.6	39.0	89.6	68.0	73.4	67.0	71.6	52.0	78.8	55.0	77.0	60.0	77.0	
2019-07-11 12:19:55.557432	0	1	63.0	78.8	41.0	87.8	67.0	73.4	67.0	73.4	51.0	77.0	55.0	77.0	59.0	77.0	
2019-07-11 12:20:59.357004	0	1	63.0	78.8	45.0	84.2	66.0	73.4	67.0	73.4	52.0	77.0	54.0	77.0	59.0	77.0	
2019-07-11 12:22:05.733052	0	1	63.0	78.8	46.0	84.2	66.0	73.4	67.0	73.4	52.0	77.0	54.0	75.2	59.0	77.0	
2019-07-11 12:23:12.064684	0	1	64.0	78.8	47.0	82.4	66.0	73.4	67.0	71.6	53.0	77.0	55.0	75.2	59.0	77.0	
2019-07-11 12:24:20.940489	0	1	63.0	77.0	47.0	80.6	66.0	73.4	67.0	71.6	53.0	75.2	55.0	75.2	59.0	75.2	
2019-07-11 12:25:27.268373	0	1	63.0	77.0	47.0	80.6	66.0	73.4	67.0	71.6	54.0	75.2	56.0	75.2	59.0	75.2	
2019-07-11 12:26:33.623261	0	1	64.0	77.0	49.0	80.6	63.0	73.4	67.0	71.6	54.0	75.2	56.0	75.2	58.0	75.2	
2019-07-11 12:27:42.526719	0	1	64.0	77.0	51.0	78.8	66.0	73.4	67.0	71.6	54.0	75.2	56.0	75.2	58.0	75.2	
2019-07-11 12:28:46.347378	0	1	64.0	77.0	52.0	78.8	66.0	73.4	67.0	71.6	55.0	75.2	57.0	73.4	58.0	75.2	
2019-07-11 12:29:55.209233	0	1	64.0	75.2	53.0	78.8	66.0	73.4	65.0	71.6	55.0	75.2	57.0	73.4	58.0	75.2	
2019-07-11 12:31:04.068749	0	1	65.0	75.2	54.0	77.0	161.0	51.8	65.0	71.6	55.0	75.2	57.0	73.4	58.0	75.2	
2019-07-11 12:32:07.884282	0	1	65.0	75.2	54.0	77.0	66.0	71.6	64.0	71.6	56.0	73.4	57.0	73.4	58.0	75.2	
2019-07-11 12:33:14.232417	0	1	65.0	75.2	55.0	77.0	66.0	71.6	65.0	71.6	56.0	73.4	58.0	73.4	58.0	75.2	
2019-07-11 12:34:18.041488	0	1	66.0	75.2	56.0	77.0	66.0	71.6	64.0	71.6	56.0	73.4	58.0	73.4	58.0	75.2	
2019-07-11 12:35:21.844867	0	1	66.0	75.2	56.0	75.2	67.0	71.6	65.0	71.6	58.0	73.4	59.0	73.4	58.0	75.2	
2019-07-11 12:36:30.725600	0	1	66.0	75.2	56.0	75.2	67.0	71.6	65.0	71.6	58.0	73.4	59.0	73.4	58.0	75.2	
2019-07-11 12:37:39.602232	0	1	66.0	75.2	57.0	75.2	67.0	71.6	65.0	71.6	58.0	73.4	59.0	73.4	58.0	75.2	
2019-07-11 12:38:43.423070	0	1	67.0	75.2	57.0	75.2	67.0	71.6	65.0	71.6	58.0	73.4	59.0	73.4	58.0	75.2	
2019-07-11 12:39:54.863834	0	1	67.0	75.2	58.0	75.2	66.0	71.6	65.0	71.6	57.0	73.4	59.0	73.4	58.0	75.2	
2019-07-11 12:40:58.681385	0	1	67.0	75.2	58.0	75.2	66.0	71.6	64.0	71.6	57.0	73.4	59.0	73.4	58.0	75.2	
2019-07-11 12:42:05.017817	0	1	67.0	73.4	58.0	75.2	66.0	71.6	64.0	71.6	57.0	73.4	59.0	73.4	58.0	75.2	
2019-07-11 12:43:08.809277	0	1	68.0	73.4	59.0	75.2	66.0	71.6	64.0	71.6	58.0	73.4	59.0	73.4	58.0	75.2	
2019-07-11 12:44:12.616241	0	1	68.0	73.4	59.0	75.2	66.0	71.6	64.0	71.6	58.0	73.4	59.0	73.4	58.0	75.2	
2019-07-11 12:45:24.022461	0	0	68.0	73.4	59.0	75.2	66.0	71.6	64.0	71.6	58.0	73.4	59.0	73.4	58.0	75.2	
2019-07-11 12:46:27.830995	0	0	68.0	73.4	59.0	75.2	66.0	71.6	65.0	71.6	59.0	73.4	60.0	73.4	58.0	75.2	
2019-07-11 12:47:36.699016	0	0	69.0	73.4	59.0	75.2	67.0	71.6	65.0	71.6	59.0	73.4	60.0	73.4	58.0	75.2	
2019-07-11 12:48:43.032195	0	0	68.0	73.4	59.0	75.2	67.0	71.6	65.0	71.6	59.0	73.4	60.0	71.6	58.0	75.2	
2019-07-11 12:49:54.446844	0	0	68.0	73.4	59.0	75.2	67.0	71.6	65.0	71.6	59.0	73.4	60.0	73.4	58.0	75.2	
2019-07-11 12:51:08.359063	0	0	69.0	73.4	59.0	75.2	67.0	71.6	65.0	71.6	157.0	51.8	60.0	71.6	58.0	75.2	
2019-07-11 12:52:17.240558	0	0	69.0	73.4	59.0	75.2	67.0	71.6	65.0	71.6	59.0	73.4	60.0	71.6	58.0	75.2	
2019-07-11 12:53:21.040260	0	0	69.0	73.4	59.0	75.2	67.0	71.6	64.0	71.6	59.0	73.4	60.0	71.6	58.0	75.2	
2019-07-11 12:54:27.378008	0	0	69.0	73.4	59.0	75.2	67.0	71.6	65.0	71.6	59.0	73.4	158.0	51.8	58.0	75.2	
2019-07-11 12:55:36.236144	0	0	69.0	73.4	59.0	75.2	67.0	71.6	65.0	71.6	60.0	73.4	61.0	71.6	58.0	75.2	
2019-07-11 12:56:42.573321	0	0	69.0	73.4	59.0	75.2	67.0	71.6	65.0	71.6	59.0	73.4	60.0	71.6	58.0	75.2	
2019-07-11 12:57:56.501756	0	0	69.0	73.4	59.0	75.2	162.0	51.8	161.0	51.8	60.0	73.4	60.0	71.6	58.0	75.2	
2019-07-11 12:59:05.385007	0	0	69.0	73.4	59.0	75.2	67.0	71.6	66.0	71.6	60.0	73.4	61.0	71.6	58.0	75.2	
2019-07-11 13:00:14.255889	0	0	69.0	73.4	59.0	75.2	68.0	71.6	66.0	71.6	60.0	71.6	61.0	73.4	58.0	75.2	
2019-07-11 13:01:25.650744	0	0	69.0	73.4	59.0	75.2	67.0	71.6	65.0	71.6	60.0	71.6	61.0	71.6	58.0	75.2	
2019-07-11 13:02:39.558750	0	0	69.0	73.4	59.0	75.2	67.0	71.6	65.0	71.6	158.0	51.8	60.0	71.6	58.0	75.2	
2019-07-11 13:03:56.008634	0	0	69.0	73.4	59.0	75.2	67.0	71.6	65.0	71.6	60.0	71.6	61.0	71.6	58.0	75.2	
2019-07-11 13:05:07.396661	0	0	68.0	73.4	59.0	75.2	67.0	71.6	65.0	71.6	60.0	71.6	60.0	71.6	58.0	73.4	
2019-07-11 13:06:23.901444	0	0	69.0	73.4	59.0	75.2	67.0	71.6	65.0	71.6	59.0	73.4	61.0	71.6	58.0	73.4	
2019-07-11 13:07:35.287750	0	0	69.0	73.4	59.0	75.2	67.0	71.6	65.0	71.6	59.0	71.6	158.0	51.8	58.0	75.2	
2019-07-11 13:08:39.084505	0	0	69.0	73.4	59.0	75.2	67.0	71.6	65.0	71.6	59.0	71.6	61.0	71.6	59.0	73.4	
2019-07-11 13:09:50.469121	0	0	69.0	73.4	59.0	75.2	66.0	71.6	65.0	71.6	60.0	71.6	61.0	71.6	59.0	75.2	
2019-07-11 13:11:19.611268	0	0	69.0	73.4	59.0	75.2	66.0	71.6	64.0	71.6	59.0	71.6	61.0	71.6	59.0	73.4	
2019-07-11 13:12:38.637912	0	0	69.0	73.4	59.0	75.2	67.0	71.6	65.0	71.6	60.0	71.6	61.0	71.6	59.0	75.2	
2019-07-11 13:14:15.362474	0	0	69.0	73.4	59.0	75.2	67.0	71.6	65.0	71.6	60.0	71.6	60.0	71.6	59.0	75.2	
2019-07-11 13:15:21.695319	0	0	69.0	73.4	59.0	75.2	66.0	71.6	64.0	71.6	60.0	71.6	61.0	71.6	59.0	73.4	
2019-07-11 13:16:25.499189	0	0	69.0	73.4	60.0	75.2	67.0	71.6	65.0	71.6	60.0	71.6	61.0	71.6	58.0	73.4	
2019-07-11 13:17:34.366725	0	0	69.0	73.4	158.0	53.6	161.0	51.8	65.0	71.6	61.0	71.6	61.0	71.6	58.0	73.4	
2019-07-11 13:18:40.715200	0	0	69.0	73.4	60.0	75.2	67.0	71.6	65.0	71.6	61.0	71.6	61.0	71.6	58.0	73.4	
2019-07-11 13:19:44.516894	0	0	69.0	71.6	60.0	75.2	67.0	71.6	65.0	71.6	61.0	71.6	61.0	71.6	58.0	73.4	
2019-07-11 13:20:55.945360	1	1	69.0	73.4	60.0	75.2	67.0	71.6	65.0	71.6	61.0	71.6	61.0	71.6	59.0	73.4	
2019-07-11 13:22:07.360300	1	1	64.0	78.8	58.0	77.0	62.0	73.4	65.0	71.6	52.0	77.0	60.0	73.4	58.0	73.4	
2019-07-11 13:23:28.930430	1	1	64.0	78.8	58.0	77.0	62.0	73.4	65.0	71.6	154.0	53.6	60.0	73.4	56.0	75.2	
2019-07-11 13:24:35.266947	1	1	57.0	84.2	56.0	78.8	64.0	73.4	65.0	71.6	47.0	80.6	59.0	73.4	56.0	75.2	
2019-07-11 13:25:59.376846	1	1	57.0	84.2	56.0	78.8	63.0	73.4	65.0	71.6	46.0	80.6	59.0	75.2	56.0	77.0	
2019-07-11 13:27:10.754932	1	1	54.0	86.0	55.0	78.8	62.0	75.2	65.0	71.6	150.0	57.2	59.0	75.2	55.0	77.0	
2019-07-11 13:28:19.616395	1	1	53.0	87.8	53.0	80.6	59.0	75.2	66.0	71.6	44.0	82.4	59.0	75.2	55.0	77.0	
2019-07-11 13:29:28.469499	1	1	50.0	91.4	52.0	80.6	62.0	75.2	66.0	71.6	43.0	84.2	59.0	75.2	55.0	77.0	
2019-07-11 13:30:37.341381	1	1	50.0	91.4	52.0	80.6	61.0	75.2	65.0	73.4	40.0	86.0	58.0	75.2	57.0	78.8	
2019-07-11 13:31:41.146088	1	1	49.0	91.4	50.0	80.6	60.0	77.0	65.0	73.4	37.0	86.0	57.0	75.2	56.0	78.8	
2019-07-11 13:32:55.080098	1	1	48.0	91.4	51.0	82.4	59.0	77.0	64.0	73.4	37.0	86.0	156.0	53.6	55.0	80.6	
2019-07-11 13:34:08.993677	1	1	47.0	93.2	50.0	82.4	56.0	77.0	62.0	73.4	37.0	87.8	57.0	75.2	52.0	80.6	
2019-07-11 13:35:33.091445	1	1	46.0	93.2	50.0	82.4	54.0	77.0	62.0	73.4	37.0	87.8	57.0	77.0	51.0	80.6	
2019-07-11 13:36:41.947020	1	1	46.0	93.2	50.0	84.2	56.0	77.0	62.0	73.4	36.0	87.8	56.0	77.0	50.0	80.6	
2019-07-11 13:38:08.561673	1	1	45.0	95.0	50.0	84.2	56.0	77.0	62.0	73.4	36.0	87.8	56.0	77.0	50.0	80.6	
2019-07-11 13:39:37.689520	1	1	45.0	95.0	50.0	84.2	53.0	77.0	62.0	73.4	36.0	87.8	55.0	77.0	51.0	80.6	
2019-07-11 13:40:46.552946	1	1	45.0	95.0	49.0	84.2	60.0	78.8	64.0	73.4	35.0	89.6	54.0	77.0	51.0	80.6	
2019-07-11 13:42:15.691687	1	1	45.0	95.0	48.0	84.2	59.0	78.8	64.0	73.4	35.0	89.6	54.0	77.0	51.0	80.6	
2019-07-11 13:43:19.501692	1	1	46.0	95.0	48.0	84.2	60.0	78.8	65.0	73.4	35.0	89.6	54.0	77.0	51.0	80.6	
2019-07-11 13:44:35.985123	1	1	45.0	95.0	48.0	84.2	60.0	78.8	65.0	73.4	36.0	89.6	54.0	77.0	51.0	80.6	
2019-07-11 13:45:42.332093	1	1	45.0	95.0	47.0	84.2	57.0	78.8	65.0	75.2	36.0	89.6	55.0	77.0	51.0	82.4	
2019-07-11 13:47:01.317853	1	1	44.0	95.0	47.0	84.2	56.0	78.8	64.0	75.2	34.0	89.6	55.0	77.0	50.0	82.4	
2019-07-11 13:48:27.943509	1	1	44.0	95.0	47.0	84.2	56.0	78.8	64.0	75.2	34.0	89.6	55.0	77.0	50.0	82.4	
2019-07-11 13:49:36.815994	1	1	43.0	95.0	47.0	84.2	58.0	78.8	64.0	75.2	34.0	89.6	55.0	77.0	50.0	82.4	
2019-07-11 13:51:00.908905	1	1	43.0	95.0	47.0	84.2	58.0	78.8	63.0	75.2	35.0	89.6	155.0	53.6	50.0	82.4	
2019-07-11 13:52:14.819949	1	1	44.0	93.2	48.0	84.2	58.0	78.8	63.0	75.2	34.0	91.4	56.0	78.8	49.0	82.4	
2019-07-11 13:53:36.364649	1	1	44.0	93.2	48.0	84.2	58.0	78.8	63.0	75.2	33.0	91.4	55.0	78.8	49.0	82.4	
2019-07-11 13:54:47.783496	1	1	45.0	93.2	48.0	84.2	56.0	78.8	62.0	75.2	33.0	91.4	55.0	78.8	49.0	82.4	
2019-07-11 13:55:51.578090	1	1	44.0	95.0	48.0	86.0	54.0	78.8	60.0	75.2	34.0	91.4	54.0	78.8	50.0	82.4	
2019-07-11 13:57:15.640224	1	1	45.0	96.8	48.0	86.0	53.0	78.8	60.0	75.2	34.0	91.4	54.0	78.8	50.0	82.4	
2019-07-11 13:58:24.534625	1	0	44.0	96.8	47.0	86.0	53.0	80.6	60.0	75.2	34.0	91.4	54.0	78.8	49.0	82.4	
2019-07-11 13:59:28.344606	1	0	44.0	96.8	47.0	86.0	53.0	80.6	60.0	75.2	33.0	91.4	55.0	78.8	50.0	84.2	
2019-07-11 14:00:44.814631	1	0	44.0	96.8	48.0	86.0	53.0	78.8	60.0	75.2	33.0	91.4	55.0	78.8	50.0	84.2	
2019-07-11 14:01:53.678125	1	0	45.0	96.8	48.0	86.0	53.0	80.6	61.0	75.2	34.0	91.4	55.0	78.8	50.0	84.2	
2019-07-11 14:03:00.009830	1	0	45.0	96.8	50.0	87.8	53.0	80.6	60.0	75.2	145.0	60.8	55.0	78.8	50.0	84.2	
2019-07-11 14:04:13.944051	1	0	45.0	96.8	47.0	87.8	54.0	80.6	60.0	75.2	34.0	93.2	155.0	55.4	50.0	84.2	
2019-07-11 14:05:35.495175	1	0	45.0	96.8	47.0	87.8	54.0	80.6	61.0	75.2	34.0	93.2	55.0	78.8	50.0	84.2	
2019-07-11 14:06:41.828177	1	0	44.0	98.6	47.0	87.8	54.0	80.6	61.0	75.2	34.0	93.2	55.0	78.8	50.0	84.2	
2019-07-11 14:07:55.752010	1	0	44.0	98.6	46.0	87.8	53.0	80.6	60.0	75.2	33.0	93.2	56.0	78.8	50.0	84.2	
2019-07-11 14:09:37.585726	1	0	44.0	98.6	46.0	87.8	53.0	80.6	60.0	77.0	144.0	62.6	54.0	78.8	49.0	84.2	
2019-07-11 14:10:51.502138	1	0	42.0	98.6	47.0	87.8	53.0	80.6	61.0	77.0	32.0	93.2	54.0	78.8	50.0	84.2	
2019-07-11 14:12:00.387437	1	0	42.0	96.8	46.0	87.8	53.0	80.6	60.0	77.0	32.0	93.2	155.0	55.4	51.0	84.2	
2019-07-11 14:13:06.736193	1	0	43.0	96.8	45.0	87.8	53.0	80.6	60.0	77.0	31.0	93.2	54.0	78.8	51.0	84.2	
2019-07-11 14:14:18.136064	1	0	43.0	95.0	45.0	87.8	53.0	80.6	60.0	77.0	32.0	93.2	154.0	55.4	50.0	84.2	
2019-07-11 14:15:27.019622	1	0	44.0	93.2	45.0	89.6	52.0	80.6	60.0	77.0	143.0	62.6	154.0	55.4	50.0	84.2	
2019-07-11 14:16:40.956908	1	0	43.0	95.0	45.0	87.8	52.0	80.6	60.0	77.0	31.0	93.2	53.0	78.8	50.0	86.0	
2019-07-11 14:17:44.758320	1	0	43.0	95.0	45.0	87.8	52.0	80.6	59.0	77.0	30.0	93.2	155.0	55.4	50.0	84.2	
2019-07-11 14:18:53.635546	1	0	46.0	95.0	45.0	89.6	52.0	80.6	60.0	77.0	30.0	95.0	53.0	78.8	47.0	84.2	
2019-07-11 14:20:12.660290	1	0	43.0	98.6	44.0	87.8	54.0	80.6	60.0	77.0	31.0	95.0	53.0	78.8	47.0	86.0	
2019-07-11 14:21:41.787949	1	0	43.0	98.6	43.0	87.8	54.0	80.6	60.0	77.0	31.0	95.0	52.0	78.8	48.0	84.2	
2019-07-11 14:23:00.746079	1	0	42.0	100.4	45.0	87.8	54.0	80.6	60.0	77.0	31.0	95.0	52.0	78.8	48.0	84.2	
2019-07-11 14:24:12.131651	1	0	41.0	102.2	44.0	87.8	53.0	80.6	60.0	77.0	31.0	93.2	55.0	78.8	48.0	84.2	
2019-07-11 14:25:18.462833	1	0	40.0	102.2	47.0	87.8	52.0	80.6	59.0	77.0	31.0	93.2	55.0	78.8	49.0	84.2	
2019-07-11 14:26:50.101914	1	0	41.0	102.2	47.0	87.8	52.0	80.6	59.0	77.0	32.0	93.2	55.0	78.8	49.0	86.0	
2019-07-11 14:27:56.423005	1	0	40.0	100.4	48.0	87.8	52.0	80.6	59.0	77.0	33.0	93.2	55.0	78.8	49.0	84.2	
2019-07-11 14:29:05.293032	1	0	148.0	66.2	47.0	89.6	52.0	80.6	59.0	77.0	33.0	93.2	155.0	55.4	49.0	86.0	
2019-07-11 14:30:11.613561	1	0	41.0	102.2	47.0	89.6	51.0	80.6	59.0	77.0	33.0	93.2	55.0	80.6	49.0	86.0	
2019-07-11 14:31:28.087800	1	0	41.0	102.2	47.0	89.6	51.0	80.6	59.0	77.0	33.0	93.2	55.0	80.6	48.0	86.0	
2019-07-11 14:32:44.536649	1	0	40.0	102.2	151.0	60.8	51.0	80.6	59.0	77.0	32.0	93.2	54.0	80.6	49.0	84.2	
2019-07-11 14:33:50.879989	1	0	41.0	102.2	47.0	89.6	52.0	80.6	59.0	77.0	32.0	93.2	54.0	80.6	49.0	86.0	
2019-07-11 14:35:04.796124	0	1	41.0	102.2	45.0	89.6	51.0	80.6	59.0	77.0	32.0	93.2	52.0	80.6	49.0	84.2	
2019-07-11 14:36:11.119687	0	1	40.0	102.2	45.0	89.6	51.0	80.6	59.0	77.0	32.0	93.2	54.0	78.8	48.0	86.0	
2019-07-11 14:37:17.467874	0	1	43.0	96.8	45.0	86.0	55.0	80.6	60.0	77.0	34.0	87.8	54.0	78.8	49.0	84.2	
2019-07-11 14:38:51.675173	0	1	45.0	93.2	47.0	84.2	55.0	78.8	59.0	77.0	36.0	86.0	54.0	78.8	49.0	82.4	
2019-07-11 14:40:20.795247	0	1	45.0	93.2	47.0	84.2	55.0	78.8	58.0	77.0	36.0	86.0	54.0	77.0	49.0	82.4	
2019-07-11 14:41:29.659345	0	1	47.0	89.6	49.0	82.4	55.0	78.8	58.0	75.2	40.0	84.2	54.0	77.0	49.0	82.4	
2019-07-11 14:42:53.720049	0	1	49.0	87.8	50.0	82.4	55.0	78.8	58.0	75.2	40.0	84.2	54.0	77.0	49.0	82.4	
2019-07-11 14:43:57.531663	0	1	51.0	86.0	51.0	80.6	55.0	77.0	58.0	75.2	41.0	82.4	54.0	77.0	49.0	82.4	
2019-07-11 14:45:11.458313	0	1	53.0	84.2	51.0	80.6	56.0	77.0	59.0	75.2	42.0	80.6	54.0	75.2	49.0	80.6	
2019-07-11 14:46:40.592098	0	1	53.0	84.2	52.0	80.6	55.0	77.0	59.0	75.2	42.0	80.6	155.0	53.6	49.0	80.6	
2019-07-11 14:47:49.444637	0	1	55.0	84.2	52.0	80.6	56.0	77.0	59.0	75.2	44.0	80.6	55.0	75.2	49.0	80.6	
2019-07-11 14:48:55.782757	0	1	55.0	82.4	53.0	78.8	56.0	77.0	59.0	75.2	45.0	80.6	55.0	75.2	49.0	80.6	
2019-07-11 14:50:02.107439	0	1	55.0	82.4	54.0	78.8	57.0	77.0	60.0	75.2	46.0	78.8	56.0	75.2	49.0	80.6	
2019-07-11 14:51:08.433255	0	1	56.0	80.6	54.0	78.8	58.0	77.0	60.0	75.2	46.0	78.8	56.0	75.2	50.0	80.6	
2019-07-11 14:52:17.299122	0	1	57.0	80.6	55.0	78.8	58.0	77.0	60.0	75.2	47.0	78.8	56.0	75.2	50.0	78.8	
2019-07-11 14:53:23.639563	0	1	58.0	78.8	55.0	78.8	59.0	75.2	61.0	75.2	47.0	78.8	56.0	75.2	50.0	78.8	
2019-07-11 14:54:35.015982	0	1	58.0	78.8	55.0	77.0	60.0	75.2	60.0	75.2	48.0	78.8	57.0	75.2	51.0	78.8	
2019-07-11 14:55:51.459287	0	1	59.0	78.8	55.0	77.0	60.0	75.2	61.0	75.2	48.0	78.8	57.0	75.2	51.0	78.8	
2019-07-11 14:57:20.586966	0	1	59.0	78.8	55.0	77.0	158.0	53.6	61.0	75.2	152.0	53.6	57.0	75.2	52.0	78.8	
2019-07-11 14:58:26.910969	0	1	60.0	78.8	56.0	77.0	
2019-07-11 15:08:18.598793	1	1	60.0	78.8	56.0	77.0	63.0	75.2	61.0	75.2	48.0	77.0	57.0	75.2	52.0	78.8	
2019-07-11 15:09:24.955748	1	1	62.0	75.2	57.0	77.0	60.0	75.2	62.0	73.4	51.0	75.2	58.0	73.4	48.0	84.2	
2019-07-11 15:10:33.836585	1	1	58.0	80.6	57.0	77.0	55.0	78.8	61.0	75.2	49.0	77.0	57.0	73.4	47.0	84.2	
2019-07-11 15:11:37.670654	1	1	55.0	84.2	56.0	77.0	49.0	80.6	60.0	75.2	46.0	78.8	58.0	73.4	43.0	86.0	
2019-07-11 15:12:54.118932	1	1	52.0	84.2	56.0	77.0	47.0	82.4	59.0	75.2	46.0	78.8	58.0	73.4	39.0	89.6	
2019-07-11 15:13:57.968084	1	1	49.0	87.8	56.0	77.0	45.0	84.2	57.0	77.0	46.0	78.8	58.0	73.4	38.0	91.4	
2019-07-11 15:15:11.900321	1	1	49.0	89.6	55.0	77.0	43.0	86.0	57.0	77.0	45.0	80.6	58.0	73.4	35.0	93.2	
2019-07-11 15:16:18.262888	1	1	48.0	89.6	55.0	77.0	41.0	86.0	56.0	77.0	44.0	80.6	58.0	73.4	35.0	95.0	
2019-07-11 15:17:22.093295	1	1	48.0	87.8	56.0	78.8	42.0	87.8	56.0	77.0	43.0	80.6	58.0	73.4	35.0	96.8	
2019-07-11 15:18:33.527735	1	1	48.0	87.8	55.0	77.0	41.0	87.8	56.0	77.0	43.0	80.6	58.0	75.2	34.0	98.6	
2019-07-11 15:20:02.627315	1	1	48.0	87.8	56.0	78.8	39.0	89.6	55.0	77.0	42.0	82.4	58.0	75.2	33.0	100.4	
2019-07-11 15:21:21.641079	1	1	48.0	89.6	55.0	78.8	39.0	89.6	55.0	77.0	42.0	82.4	58.0	75.2	32.0	100.4	
2019-07-11 15:22:38.110392	1	1	48.0	89.6	55.0	78.8	38.0	89.6	54.0	77.0	42.0	82.4	58.0	75.2	33.0	102.2	
2019-07-11 15:23:44.506601	1	1	47.0	89.6	55.0	78.8	38.0	89.6	55.0	78.8	41.0	82.4	58.0	75.2	31.0	102.2	
2019-07-11 15:24:50.848950	1	1	47.0	89.6	55.0	78.8	38.0	91.4	54.0	78.8	41.0	82.4	58.0	75.2	31.0	102.2	
2019-07-11 15:25:57.176959	1	1	47.0	89.6	55.0	78.8	38.0	91.4	53.0	78.8	41.0	82.4	58.0	75.2	30.0	102.2	
2019-07-11 15:27:03.521758	1	1	47.0	89.6	55.0	78.8	37.0	91.4	53.0	78.8	41.0	82.4	58.0	75.2	30.0	104.0	
2019-07-11 15:28:12.401488	1	1	46.0	89.6	55.0	78.8	37.0	91.4	54.0	78.8	40.0	82.4	57.0	75.2	29.0	104.0	
2019-07-11 15:29:21.281011	1	1	46.0	89.6	55.0	78.8	37.0	91.4	53.0	78.8	40.0	82.4	58.0	75.2	28.0	104.0	
2019-07-11 15:30:27.657948	1	1	46.0	89.6	55.0	78.8	36.0	91.4	54.0	78.8	41.0	82.4	58.0	75.2	26.0	105.8	
2019-07-11 15:31:31.459455	1	1	47.0	91.4	55.0	78.8	36.0	91.4	54.0	78.8	42.0	84.2	157.0	53.6	24.0	104.0	
2019-07-11 15:32:47.929298	1	1	46.0	91.4	55.0	78.8	36.0	93.2	54.0	78.8	43.0	84.2	59.0	75.2	24.0	104.0	
2019-07-11 15:33:59.326718	1	1	45.0	91.4	55.0	78.8	36.0	93.2	53.0	78.8	42.0	84.2	60.0	75.2	25.0	104.0	
2019-07-11 15:35:13.269424	1	1	44.0	91.4	55.0	78.8	37.0	93.2	53.0	78.8	42.0	84.2	158.0	53.6	24.0	104.0	
2019-07-11 15:36:19.660856	1	1	44.0	91.4	55.0	78.8	37.0	93.2	54.0	80.6	43.0	84.2	61.0	75.2	24.0	104.0	
2019-07-11 15:37:33.575792	1	1	44.0	91.4	54.0	78.8	37.0	93.2	55.0	80.6	43.0	84.2	60.0	75.2	24.0	104.0	
2019-07-11 15:38:39.899453	1	1	44.0	91.4	54.0	78.8	36.0	93.2	55.0	80.6	42.0	84.2	60.0	75.2	23.0	104.0	
2019-07-11 15:39:48.757694	1	1	44.0	91.4	54.0	78.8	35.0	93.2	52.0	80.6	43.0	84.2	61.0	75.2	23.0	104.0	
2019-07-11 15:40:55.091964	1	1	45.0	91.4	55.0	78.8	35.0	93.2	52.0	80.6	42.0	84.2	61.0	75.2	25.0	104.0	
2019-07-11 15:41:58.907788	1	1	45.0	93.2	56.0	78.8	34.0	93.2	52.0	80.6	42.0	84.2	61.0	75.2	26.0	105.8	
2019-07-11 15:43:07.773271	1	0	45.0	93.2	55.0	78.8	34.0	93.2	52.0	78.8	42.0	84.2	61.0	75.2	25.0	105.8	
2019-07-11 15:44:14.126178	1	0	44.0	93.2	55.0	78.8	34.0	93.2	52.0	80.6	41.0	84.2	58.0	75.2	25.0	105.8	
2019-07-11 15:45:22.982945	1	0	44.0	93.2	55.0	78.8	35.0	93.2	52.0	80.6	41.0	84.2	59.0	75.2	24.0	105.8	
2019-07-11 15:46:29.344602	1	0	44.0	91.4	55.0	78.8	35.0	93.2	52.0	80.6	41.0	84.2	57.0	75.2	24.0	105.8	
2019-07-11 15:47:35.684631	1	0	45.0	91.4	54.0	80.6	35.0	93.2	52.0	80.6	41.0	84.2	58.0	75.2	23.0	105.8	
2019-07-11 15:48:44.557948	1	0	45.0	91.4	54.0	80.6	35.0	93.2	52.0	80.6	40.0	84.2	57.0	75.2	23.0	105.8	
2019-07-11 15:49:53.430040	1	0	45.0	91.4	54.0	80.6	34.0	95.0	52.0	80.6	40.0	84.2	57.0	75.2	23.0	104.0	
2019-07-11 15:50:59.761334	1	0	45.0	91.4	53.0	80.6	34.0	93.2	52.0	80.6	40.0	84.2	58.0	75.2	23.0	104.0	
2019-07-11 15:52:06.103425	1	0	45.0	91.4	53.0	80.6	34.0	93.2	51.0	80.6	40.0	84.2	58.0	75.2	24.0	105.8	
2019-07-11 15:53:09.918089	1	0	44.0	89.6	53.0	80.6	34.0	95.0	51.0	80.6	40.0	84.2	156.0	53.6	22.0	104.0	
2019-07-11 15:54:23.844584	1	0	44.0	89.6	53.0	78.8	34.0	95.0	51.0	80.6	40.0	84.2	57.0	75.2	22.0	104.0	
2019-07-11 15:55:27.658008	1	0	45.0	91.4	54.0	80.6	33.0	95.0	51.0	80.6	40.0	84.2	57.0	75.2	24.0	104.0	
2019-07-11 15:56:31.456619	1	0	46.0	91.4	53.0	80.6	33.0	95.0	51.0	80.6	40.0	84.2	56.0	75.2	26.0	105.8	
2019-07-11 15:57:40.352909	1	0	45.0	91.4	53.0	80.6	33.0	93.2	50.0	80.6	40.0	84.2	56.0	75.2	26.0	105.8	
2019-07-11 15:58:46.689842	1	0	45.0	91.4	53.0	80.6	33.0	93.2	50.0	80.6	40.0	84.2	58.0	75.2	25.0	107.6	
2019-07-11 15:59:55.544055	1	0	45.0	91.4	54.0	80.6	33.0	93.2	50.0	80.6	40.0	84.2	58.0	75.2	25.0	107.6	
2019-07-11 16:01:01.879504	1	0	45.0	91.4	53.0	80.6	33.0	93.2	50.0	80.6	40.0	84.2	57.0	75.2	26.0	107.6	
2019-07-11 16:02:05.682788	1	0	45.0	91.4	53.0	80.6	34.0	93.2	51.0	80.6	148.0	57.2	57.0	75.2	26.0	107.6	
2019-07-11 16:03:09.480899	1	0	45.0	89.6	53.0	80.6	33.0	93.2	50.0	80.6	40.0	84.2	57.0	75.2	28.0	109.4	
2019-07-11 16:04:18.342292	1	0	44.0	89.6	53.0	80.6	33.0	93.2	51.0	80.6	148.0	57.2	57.0	75.2	28.0	109.4	
2019-07-11 16:05:24.679611	1	0	46.0	89.6	53.0	80.6	34.0	93.2	50.0	80.6	148.0	57.2	57.0	75.2	28.0	109.4	
2019-07-11 16:06:31.060292	1	0	45.0	93.2	52.0	80.6	34.0	93.2	49.0	80.6	39.0	84.2	57.0	75.2	28.0	109.4	
2019-07-11 16:07:37.413526	1	0	43.0	96.8	52.0	80.6	33.0	93.2	49.0	80.6	39.0	84.2	56.0	73.4	28.0	109.4	
2019-07-11 16:08:43.761913	1	0	41.0	98.6	52.0	78.8	33.0	93.2	49.0	80.6	39.0	84.2	57.0	75.2	28.0	109.4	
2019-07-11 16:09:47.589695	1	0	41.0	100.4	53.0	78.8	33.0	93.2	49.0	80.6	39.0	84.2	57.0	75.2	28.0	109.4	
2019-07-11 16:10:53.949803	1	0	40.0	100.4	53.0	78.8	33.0	93.2	49.0	80.6	40.0	84.2	58.0	75.2	27.0	109.4	
2019-07-11 16:12:02.811048	1	0	39.0	100.4	53.0	78.8	33.0	93.2	49.0	80.6	39.0	84.2	57.0	75.2	28.0	109.4	
2019-07-11 16:13:14.218606	1	0	40.0	102.2	53.0	78.8	33.0	93.2	49.0	80.6	39.0	84.2	57.0	75.2	28.0	111.2	
2019-07-11 16:14:20.561135	1	0	39.0	102.2	53.0	78.8	33.0	93.2	49.0	80.6	39.0	84.2	58.0	75.2	28.0	111.2	
2019-07-11 16:15:29.432032	1	0	39.0	102.2	52.0	78.8	34.0	93.2	50.0	80.6	39.0	84.2	58.0	73.4	26.0	111.2	
2019-07-11 16:16:38.297662	0	1	38.0	102.2	53.0	78.8	34.0	93.2	50.0	80.6	39.0	84.2	59.0	75.2	25.0	111.2	
2019-07-11 16:17:47.154648	0	1	39.0	102.2	54.0	78.8	37.0	91.4	50.0	80.6	39.0	84.2	59.0	75.2	25.0	104.0	
2019-07-11 16:19:08.700517	0	1	39.0	98.6	54.0	78.8	37.0	91.4	52.0	78.8	41.0	82.4	59.0	73.4	25.0	104.0	
2019-07-11 16:20:17.561836	0	1	41.0	95.0	56.0	77.0	38.0	89.6	52.0	80.6	43.0	82.4	59.0	75.2	27.0	100.4	
2019-07-11 16:21:28.949921	0	1	44.0	93.2	56.0	77.0	39.0	87.8	52.0	78.8	44.0	80.6	60.0	75.2	29.0	98.6	
2019-07-11 16:22:35.282515	0	1	46.0	89.6	56.0	77.0	40.0	86.0	52.0	78.8	44.0	80.6	58.0	73.4	32.0	96.8	
2019-07-11 16:23:41.625662	0	1	48.0	87.8	56.0	77.0	42.0	82.4	52.0	77.0	45.0	80.6	59.0	73.4	33.0	93.2	
